0,0,0,0,1,1,1,2,62,9,0,1,1,2,60,9,0
0,0,0,1,1,1,1,55,10,9,1,1,1,57,8,9,0
0,0,0,2,1,1,1,59,9,9,1,1,1,60,7,9,0
0,0,0,3,1,1,1,61,9,9,1,1,1,62,4,9,0
0,0,0,4,1,1,21,1,55,3,0,1,21,1,4,3,1
0,0,0,5,1,1,21,8,13,3,0,1,21,7,11,3,1
0,0,0,6,1,3,20,14,16,3,0,3,20,13,14,3,1
0,0,1,0,1,1,1,10,55,9,1,1,1,8,57,9,0
0,0,1,1,1,1,1,4,57,10,1,1,1,3,58,10,0
0,0,1,2,1,1,1,59,4,10,1,1,1,60,3,10,0
0,0,1,3,1,4,5,19,49,3,1,4,4,19,58,3,0
0,0,1,4,1,1,21,6,14,3,0,1,21,6,13,3,1
0,0,1,5,1,2,20,9,10,3,0,2,20,8,9,3,1
0,0,1,6,1,1,21,5,4,3,0,1,21,4,3,3,1
0,0,2,0,1,1,1,9,59,9,1,1,1,7,60,9,0
0,0,2,1,1,1,1,4,59,10,1,1,1,3,60,10,0
0,0,2,2,1,1,1,33,24,11,1,1,1,33,26,11,0
0,0,2,3,1,3,7,36,39,11,0,3,6,36,40,11,1
0,0,2,4,1,1,21,10,13,3,0,1,21,10,11,3,1
0,0,2,5,1,1,21,14,8,3,0,1,21,13,7,3,1
0,0,2,6,1,1,21,17,6,3,0,1,21,14,5,3,1
0,0,3,0,1,1,1,9,61,9,1,1,1,4,62,9,0
0,0,3,1,1,19,1,18,2,3,1,19,0,18,3,3,0
0,0,3,2,1,15,0,19,18,3,0,15,1,19,17,3,1
0,0,3,3,1,19,3,15,34,3,1,19,2,15,36,3,0
0,0,3,4,1,1,21,60,2,3,0,1,21,61,1,3,1
0,0,3,5,1,2,20,60,2,3,0,2,20,59,1,3,1
0,0,3,6,1,4,20,58,3,3,0,4,20,56,2,3,1
0,0,4,0,1,1,21,55,1,3,0,1,21,4,1,3,1
0,0,4,1,1,1,21,14,6,3,0,1,21,13,6,3,1
0,0,4,2,1,1,21,13,10,3,0,1,21,11,10,3,1
0,0,4,3,1,1,21,2,60,3,0,1,21,1,61,3,1
0,0,4,4,1,4,19,1,4,3,1,4,19,1,5,3,0
0,0,4,5,1,5,62,7,1,1,1,5,62,8,1,1,0
0,0,4,6,1,5,41,7,1,2,0,5,41,5,0,2,1
0,0,5,0,1,1,21,13,8,3,0,1,21,11,7,3,1
0,0,5,1,1,2,20,10,9,3,0,2,20,9,8,3,1
0,0,5,2,1,1,21,8,14,3,0,1,21,7,13,3,1
0,0,5,3,1,2,20,2,60,3,0,2,20,1,59,3,1
0,0,5,4,1,5,62,1,7,1,1,5,62,1,8,1,0
0,0,5,5,1,11,60,8,3,1,0,11,60,7,3,1,1
0,0,5,6,1,8,60,4,0,1,1,8,60,5,1,1,0
0,0,6,0,1,3,20,16,14,3,0,3,20,14,13,3,1
0,0,6,1,1,1,21,4,5,3,0,1,21,3,4,3,1
0,0,6,2,1,1,21,6,17,3,0,1,21,5,14,3,1
0,0,6,3,1,4,20,3,58,3,0,4,20,2,56,3,1
0,0,6,4,1,5,41,1,7,2,0,5,41,0,5,2,1
0,0,6,5,1,8,60,0,4,1,1,8,60,1,5,1,0
0,0,6,6,1,11,57,2,2,1,0,11,57,1,1,1,1
0,1,0,0,1,1,42,1,13,2,1,1,42,1,8,2,0
0,1,0,1,1,7,38,1,14,2,1,7,38,0,15,2,0
0,1,0,2,1,1,42,1,39,2,1,1,42,1,31,2,0
0,1,0,3,1,4,19,5,49,3,1,4,19,4,58,3,0
0,1,0,4,1,1,21,11,14,3,0,1,21,11,13,3,1
0,1,0,5,1,1,21,29,34,3,0,1,21,28,32,3,1
0,1,0,6,1,1,21,25,20,3,0,1,21,25,18,3,1
0,1,1,0,1,7,38,14,1,2,1,7,38,15,0,2,0
0,1,1,1,1,22,51,9,2,1,0,22,50,10,3,1,1
0,1,1,2,1,1,42,3,34,2,0,1,42,2,37,2,1
0,1,1,3,1,1,21,9,41,3,0,1,21,10,39,3,1
0,1,1,4,1,1,21,24,29,3,0,1,21,23,26,3,1
0,1,1,5,1,1,21,33,24,3,0,1,21,32,22,3,1
0,1,1,6,1,1,42,26,4,2,0,1,42,24,2,2,1
0,1,2,0,1,1,42,39,1,2,1,1,42,31,1,2,0
0,1,2,1,1,1,42,34,3,2,0,1,42,37,2,2,1
0,1,2,2,1,1,42,4,37,2,0,1,42,3,38,2,1
0,1,2,3,1,1,21,20,23,3,1,1,21,19,26,3,0
0,1,2,4,1,1,21,32,13,3,0,1,21,31,11,3,1
0,1,2,5,1,1,21,35,8,3,0,1,21,34,7,3,1
0,1,2,6,1,1,21,26,2,3,1,1,21,28,3,3,0
0,1,3,0,1,4,19,49,5,3,1,4,19,58,4,3,0
0,1,3,1,1,1,21,41,9,3,0,1,21,39,10,3,1
0,1,3,2,1,1,21,23,20,3,1,1,21,26,19,3,0
0,1,3,3,1,16,9,17,38,3,1,16,8,17,41,3,0
0,1,3,4,1,11,17,53,4,11,1,11,17,50,3,11,0
0,1,3,5,1,12,17,52,3,11,1,12,17,51,2,11,0
0,1,3,6,1,12,15,32,1,11,1,12,15,29,0,11,0
0,1,4,0,1,1,21,14,11,3,0,1,21,13,11,3,1
0,1,4,1,1,1,21,29,24,3,0,1,21,26,23,3,1
0,1,4,2,1,1,21,13,32,3,0,1,21,11,31,3,1
0,1,4,3,1,11,17,4,53,11,1,11,17,3,50,11,0
0,1,4,4,1,21,35,1,4,10,0,21,35,1,5,10,1
0,1,4,5,1,32,7,45,1,11,1,32,7,44,1,11,0
0,1,4,6,1,15,16,11,1,11,1,15,16,10,0,11,0
0,1,5,0,1,1,21,34,29,3,0,1,21,32,28,3,1
0,1,5,1,1,1,21,24,33,3,0,1,21,22,32,3,1
0,1,5,2,1,1,21,8,35,3,0,1,21,7,34,3,1
0,1,5,3,1,12,17,3,52,11,1,12,17,2,51,11,0
0,1,5,4,1,36,7,22,13,3,1,36,7,22,14,3,0
0,1,5,5,1,45,2,34,4,3,0,44,2,33,3,3,1
0,1,5,6,1,44,4,36,0,3,1,44,3,36,1,3,0
0,1,6,0,1,1,21,20,25,3,0,1,21,18,25,3,1
0,1,6,1,1,1,42,4,26,2,0,1,42,2,24,2,1
0,1,6,2,1,1,21,2,26,3,1,1,21,3,28,3,0
0,1,6,3,1,12,15,1,32,11,1,12,15,0,29,11,0
0,1,6,4,1,15,16,1,11,11,1,15,16,0,10,11,0
0,1,6,5,1,46,2,24,3,3,1,46,1,24,2,3,0
0,1,6,6,1,13,15,1,1,11,1,13,15,1,0,11,0
0,2,0,0,1,2,34,1,6,11,1,2,34,1,7,11,0
0,2,0,1,1,1,4,1,59,10,1,1,3,1,60,10,0
0,2,0,2,1,1,33,1,24,11,1,1,33,1,26,11,0
0,2,0,3,1,3,36,7,39,11,0,3,36,6,40,11,1
0,2,0,4,1,5,39,10,21,11,1,5,39,10,20,11,0
0,2,0,5,1,8,41,8,13,11,1,8,41,8,12,11,0
0,2,0,6,1,8,42,9,9,11,0,8,42,8,9,11,1
0,2,1,0,1,1,39,42,1,2,1,1,31,42,1,2,0
0,2,1,1,1,1,34,42,3,2,0,1,37,42,2,2,1
0,2,1,2,1,22,42,1,18,2,1,22,42,1,17,2,0
0,2,1,3,1,13,20,2,34,3,0,13,20,3,33,3,1
0,2,1,4,1,13,20,19,33,3,0,13,20,19,32,3,1
0,2,1,5,1,13,21,26,24,3,0,13,21,25,22,3,1
0,2,1,6,1,7,40,20,13,3,0,7,40,21,13,3,1
0,2,2,0,1,1,33,24,1,11,1,1,33,26,1,11,0
0,2,2,1,1,22,42,18,1,2,1,22,42,17,1,2,0
0,2,2,2,1,1,10,1,51,3,1,0,10,2,51,3,0
0,2,2,3,1,29,40,2,10,2,1,29,40,1,10,2,0
0,2,2,4,1,10,43,2,11,11,0,10,43,1,11,11,1
0,2,2,5,1,10,43,13,11,11,0,10,43,12,11,11,1
0,2,2,6,1,6,41,7,1,11,1,6,41,6,0,11,0
0,2,3,0,1,3,36,39,7,11,0,3,36,40,6,11,1
0,2,3,1,1,13,20,34,2,3,0,13,20,33,3,3,1
0,2,3,2,1,29,40,10,2,2,1,29,40,10,1,2,0
0,2,3,3,1,17,13,16,34,3,0,17,14,16,33,3,1
0,2,3,4,1,10,43,20,9,11,0,10,43,21,10,11,1
0,2,3,5,1,16,21,37,3,3,0,16,21,36,2,3,1
0,2,3,6,1,15,21,41,1,3,0,15,21,39,0,3,1
0,2,4,0,1,5,39,21,10,11,1,5,39,20,10,11,0
0,2,4,1,1,13,20,33,19,3,0,13,20,32,19,3,1
0,2,4,2,1,10,43,11,2,11,0,10,43,11,1,11,1
0,2,4,3,1,10,43,9,20,11,0,10,43,10,21,11,1
0,2,4,4,1,34,35,2,7,2,1,34,35,3,7,2,0
0,2,4,5,1,32,42,2,4,2,0,32,41,2,3,2,1
0,2,4,6,1,16,19,2,0,3,1,16,19,1,1,3,0
0,2,5,0,1,8,41,13,8,11,1,8,41,12,8,11,0
0,2,5,1,1,13,21,24,26,3,0,13,21,22,25,3,1
0,2,5,2,1,10,43,11,13,11,0,10,43,11,12,11,1
0,2,5,3,1,16,21,3,37,3,0,16,21,2,36,3,1
0,2,5,4,1,32,42,4,2,2,0,32,41,3,2,2,1
0,2,5,5,1,32,42,3,2,2,0,32,41,3,1,2,1
0,2,5,6,1,20,16,5,1,3,0,20,16,4,0,3,1
0,2,6,0,1,8,42,9,9,11,0,8,42,9,8,11,1
0,2,6,1,1,7,40,13,20,3,0,7,40,13,21,3,1
0,2,6,2,1,6,41,1,7,11,1,6,41,0,6,11,0
0,2,6,3,1,15,21,1,41,3,0,15,21,0,39,3,1
0,2,6,4,1,16,19,0,2,3,1,16,19,1,1,3,0
0,2,6,5,1,20,16,1,5,3,0,20,16,0,4,3,1
0,2,6,6,1,16,21,1,1,3,0,16,21,0,0,3,1
0,3,0,0,1,30,38,3,10,2,1,30,38,2,10,2,0
0,3,0,1,1,19,18,1,2,3,1,19,18,0,3,3,0
0,3,0,2,1,15,19,0,18,3,0,15,19,1,17,3,1
0,3,0,3,1,19,15,3,34,3,1,19,15,2,36,3,0
0,3,0,4,1,22,14,9,30,3,0,22,14,9,29,3,1
0,3,0,5,1,22,16,15,24,3,0,22,16,15,23,3,1
0,3,0,6,1,22,15,7,8,3,0,22,15,7,6,3,1
0,3,1,0,1,19,18,2,1,3,1,19,18,3,0,3,0
0,3,1,1,1,32,33,15,1,2,0,32,33,14,2,2,1
0,3,1,2,1,1,23,21,20,3,1,1,26,21,19,3,0
0,3,1,3,1,16,17,9,38,3,1,16,17,8,41,3,0
0,3,1,4,1,22,14,15,33,3,0,22,14,15,32,3,1
0,3,1,5,1,22,17,21,23,3,0,22,17,20,21,3,1
0,3,1,6,1,23,15,19,14,3,1,23,15,20,15,3,0
0,3,2,0,1,15,19,18,0,3,0,15,19,17,1,3,1
0,3,2,1,1,13,34,20,2,3,0,13,33,20,3,3,1
0,3,2,2,1,29,10,40,2,2,1,29,10,40,1,2,0
0,3,2,3,1,17,16,13,34,3,0,17,16,14,33,3,1
0,3,2,4,1,22,15,16,18,3,1,22,15,16,19,3,0
0,3,2,5,1,24,14,24,16,3,0,24,14,23,15,3,1
0,3,2,6,1,22,14,34,12,3,1,22,14,35,13,3,0
0,3,3,0,1,19,15,34,3,3,1,19,15,36,2,3,0
0,3,3,1,1,16,17,38,9,3,1,16,17,41,8,3,0
0,3,3,2,1,17,16,34,13,3,0,17,16,33,14,3,1
0,3,3,3,0,0,0,0,0,0,0,0,0,0,0,0,0
0,3,3,4,1,22,15,35,3,3,0,22,15,33,2,3,1
0,3,3,5,1,22,14,38,2,3,0,22,14,35,1,3,1
0,3,3,6,1,22,15,44,1,3,0,22,15,40,0,3,1
0,3,4,0,1,22,14,30,9,3,0,22,14,29,9,3,1
0,3,4,1,1,22,14,33,15,3,0,22,14,32,15,3,1
0,3,4,2,1,22,15,18,16,3,1,22,15,19,16,3,0
0,3,4,3,1,22,15,3,35,3,0,22,15,2,33,3,1
0,3,4,4,1,45,28,1,5,2,1,44,37,1,3,2,0
0,3,4,5,1,45,28,4,1,2,1,44,37,2,1,2,0
0,3,4,6,1,45,30,4,1,2,0,45,30,4,0,2,1
0,3,5,0,1,22,16,24,15,3,0,22,16,23,15,3,1
0,3,5,1,1,22,17,23,21,3,0,22,17,21,20,3,1
0,3,5,2,1,24,14,16,24,3,0,24,14,15,23,3,1
0,3,5,3,1,22,14,2,38,3,0,22,14,1,35,3,1
0,3,5,4,1,45,28,1,4,2,1,44,37,1,2,2,0
0,3,5,5,1,1,41,6,27,13,0,0,41,6,27,13,1
0,3,5,6,1,45,28,3,0,2,1,44,39,1,1,2,0
0,3,6,0,1,22,15,8,7,3,0,22,15,6,7,3,1
0,3,6,1,1,23,15,14,19,3,1,23,15,15,20,3,0
0,3,6,2,1,22,14,12,34,3,1,22,14,13,35,3,0
0,3,6,3,1,22,15,1,44,3,0,22,15,0,40,3,1
0,3,6,4,1,45,30,1,4,2,0,45,30,0,4,2,1
0,3,6,5,1,45,28,0,3,2,1,44,39,1,1,2,0
0,3,6,6,1,23,16,1,1,3,0,23,16,0,0,3,1
0,4,0,0,1,34,49,1,1,3,0,34,47,1,2,3,1
0,4,0,1,1,33,46,3,1,3,0,33,45,3,1,3,1
0,4,0,2,1,33,46,2,4,3,0,33,45,2,4,3,1
0,4,0,3,1,32,47,5,1,11,1,32,46,5,1,11,0
0,4,0,4,1,32,43,4,1,11,0,32,44,4,1,11,1
0,4,0,5,1,34,37,3,4,3,1,34,37,1,2,3,0
0,4,0,6,1,34,35,2,3,3,1,34,35,1,2,3,0
0,4,1,0,1,33,46,1,3,3,0,33,45,1,3,3,1
0,4,1,1,1,32,44,5,1,11,1,32,43,5,1,11,0
0,4,1,2,1,33,45,3,4,3,0,33,44,3,4,3,1
0,4,1,3,1,33,45,5,1,3,0,33,44,5,1,3,1
0,4,1,4,1,32,44,6,1,11,1,32,43,6,1,11,0
0,4,1,5,1,32,45,7,1,11,1,32,44,7,1,11,0
0,4,1,6,1,33,45,6,1,3,0,33,44,6,1,3,1
0,4,2,0,1,33,46,4,2,3,0,33,45,4,2,3,1
0,4,2,1,1,33,45,4,3,3,0,33,44,4,3,3,1
0,4,2,2,1,10,11,43,2,11,0,10,11,43,1,11,1
0,4,2,3,1,10,9,43,20,11,0,10,10,43,21,11,1
0,4,2,4,1,35,41,4,5,3,0,35,40,4,5,3,1
0,4,2,5,1,35,41,4,2,3,0,35,40,5,2,3,1
0,4,2,6,1,33,34,8,1,3,1,33,34,2,1,3,0
0,4,3,0,1,32,47,1,5,11,1,32,46,1,5,11,0
0,4,3,1,1,33,45,1,5,3,0,33,44,1,5,3,1
0,4,3,2,1,22,18,15,16,3,1,22,19,15,16,3,0
0,4,3,3,1,22,3,15,35,3,0,22,2,15,33,3,1
0,4,3,4,1,34,38,4,1,3,0,34,37,6,1,3,1
0,4,3,5,1,35,40,5,1,3,0,35,39,5,1,3,1
0,4,3,6,1,34,36,8,0,3,1,34,36,6,1,3,0
0,4,4,0,1,32,43,1,4,11,0,32,44,1,4,11,1
0,4,4,1,1,32,44,1,6,11,1,32,43,1,6,11,0
0,4,4,2,1,35,41,5,4,3,0,35,40,5,4,3,1
0,4,4,3,1,34,38,1,4,3,0,34,37,1,6,3,1
0,4,4,4,1,36,36,6,2,3,0,36,35,7,1,3,1
0,4,4,5,1,36,36,5,2,3,0,36,35,6,1,3,1
0,4,4,6,1,34,35,3,0,3,1,34,35,1,1,3,0
0,4,5,0,1,34,37,4,3,3,1,34,37,2,1,3,0
0,4,5,1,1,32,45,1,7,11,1,32,44,1,7,11,0
0,4,5,2,1,35,41,2,4,3,0,35,40,2,5,3,1
0,4,5,3,1,35,40,1,5,3,0,35,39,1,5,3,1
0,4,5,4,1,36,36,2,5,3,0,36,35,1,6,3,1
0,4,5,5,1,42,17,22,1,3,0,42,16,22,1,3,1
0,4,5,6,1,36,37,3,0,3,1,36,37,2,1,3,0
0,4,6,0,1,34,35,3,2,3,1,34,35,2,1,3,0
0,4,6,1,1,33,45,1,6,3,0,33,44,1,6,3,1
0,4,6,2,1,33,34,1,8,3,1,33,34,1,2,3,0
0,4,6,3,1,34,36,0,8,3,1,34,36,1,6,3,0
0,4,6,4,1,34,35,0,3,3,1,34,35,1,1,3,0
0,4,6,5,1,36,37,0,3,3,1,36,37,1,2,3,0
0,4,6,6,1,35,36,1,1,3,0,35,36,0,0,3,1
0,5,0,0,1,35,33,2,6,3,1,35,33,2,5,3,0
0,5,0,1,1,36,35,1,12,3,1,36,35,0,11,3,0
0,5,0,2,1,34,25,1,9,3,1,34,25,0,8,3,0
0,5,0,3,1,36,23,1,12,3,1,36,23,0,13,3,0
0,5,0,4,1,46,36,0,3,3,0,45,35,1,3,3,1
0,5,0,5,1,45,34,1,3,3,0,44,33,1,2,3,1
0,5,0,6,1,45,34,2,3,3,0,44,33,2,2,3,1
0,5,1,0,1,36,35,12,1,3,1,36,35,11,0,3,0
0,5,1,1,1,43,37,3,1,3,0,42,36,3,2,3,1
0,5,1,2,1,33,34,16,2,3,1,33,34,16,1,3,0
0,5,1,3,1,24,6,3,46,3,1,24,6,2,52,3,0
0,5,1,4,1,36,22,7,13,3,1,36,22,7,14,3,0
0,5,1,5,1,45,34,2,4,3,0,44,33,2,3,3,1
0,5,1,6,1,44,36,4,0,3,1,44,36,3,1,3,0
0,5,2,0,1,34,25,9,1,3,1,34,25,8,0,3,0
0,5,2,1,1,33,34,2,16,3,1,33,34,1,16,3,0
0,5,2,2,1,10,11,43,13,11,0,10,11,43,12,11,1
0,5,2,3,1,33,18,2,32,3,1,33,18,1,33,3,0
0,5,2,4,1,33,18,16,15,3,0,33,18,16,14,3,1
0,5,2,5,1,39,26,12,6,11,0,39,26,13,7,11,1
0,5,2,6,1,43,34,5,1,11,1,43,33,5,0,11,0
0,5,3,0,1,36,23,12,1,3,1,36,23,13,0,3,0
0,5,3,1,1,24,6,46,3,3,1,24,6,52,2,3,0
0,5,3,2,1,33,18,32,2,3,1,33,18,33,1,3,0
0,5,3,3,1,22,2,14,38,3,0,22,1,14,35,3,1
0,5,3,4,1,31,14,31,3,11,1,31,14,30,1,11,0
0,5,3,5,1,1,6,41,27,13,0,0,6,41,27,13,1
0,5,3,6,1,45,34,2,1,3,0,44,33,2,0,3,1
0,5,4,0,1,46,36,3,0,3,0,45,35,3,1,3,1
0,5,4,1,1,36,22,13,7,3,1,36,22,14,7,3,0
0,5,4,2,1,33,18,15,16,3,0,33,18,14,16,3,1
0,5,4,3,1,31,14,3,31,11,1,31,14,1,30,11,0
0,5,4,4,1,43,26,4,9,3,0,43,26,3,9,3,1
0,5,4,5,1,42,22,17,1,3,0,42,22,16,1,3,1
0,5,4,6,1,43,22,18,1,3,0,43,22,17,1,3,1
0,5,5,0,1,45,34,3,1,3,0,44,33,2,1,3,1
0,5,5,1,1,45,34,4,2,3,0,44,33,3,2,3,1
0,5,5,2,1,39,26,6,12,11,0,39,26,7,13,11,1
0,5,5,3,1,1,27,6,41,13,0,0,27,6,41,13,1
0,5,5,4,1,42,22,1,17,3,0,42,22,1,16,3,1
0,5,5,5,1,16,25,23,8,13,0,15,25,22,8,13,1
0,5,5,6,1,41,27,2,0,3,1,41,27,1,1,3,0
0,5,6,0,1,45,34,3,2,3,0,44,33,2,2,3,1
0,5,6,1,1,44,36,0,4,3,1,44,36,1,3,3,0
0,5,6,2,1,43,34,1,5,11,1,43,33,0,5,11,0
0,5,6,3,1,45,34,1,2,3,0,44,33,0,2,3,1
0,5,6,4,1,43,22,1,18,3,0,43,22,1,17,3,1
0,5,6,5,1,41,27,0,2,3,1,41,27,1,1,3,0
0,5,6,6,1,47,36,1,1,3,0,47,34,0,0,3,1
0,6,0,0,1,47,6,1,1,10,0,47,6,0,0,10,1
0,6,0,1,1,37,18,1,2,3,0,37,18,2,1,3,1
0,6,0,2,1,46,28,0,5,3,0,46,27,1,5,3,1
0,6,0,3,1,45,3,1,7,10,0,45,3,0,6,10,1
0,6,0,4,1,45,23,1,4,3,1,45,23,0,2,3,0
0,6,0,5,1,45,22,6,11,3,1,45,22,5,11,3,0
0,6,0,6,1,48,29,3,0,3,1,48,29,3,1,3,0
0,6,1,0,1,37,18,2,1,3,0,37,18,1,2,3,1
0,6,1,1,1,1,4,42,26,2,0,1,2,42,24,2,1
0,6,1,2,1,1,2,21,26,3,1,1,3,21,28,3,0
0,6,1,3,1,45,3,2,33,10,0,45,3,1,36,10,1
0,6,1,4,1,37,15,11,22,11,0,37,15,10,22,11,1
0,6,1,5,1,46,24,2,3,3,1,46,24,1,2,3,0
0,6,1,6,1,33,16,22,11,3,0,33,16,22,10,3,1
0,6,2,0,1,46,28,5,0,3,0,46,27,5,1,3,1
0,6,2,1,1,7,13,40,20,3,0,7,13,40,21,3,1
0,6,2,2,1,6,1,41,7,11,1,6,0,41,6,11,0
0,6,2,3,1,33,12,1,34,3,0,33,12,2,33,3,1
0,6,2,4,1,44,23,2,1,3,0,44,23,3,1,3,1
0,6,2,5,1,44,23,4,1,3,1,44,23,3,1,3,0
0,6,2,6,1,44,23,5,1,3,1,44,23,4,1,3,0
0,6,3,0,1,45,3,7,1,10,0,45,3,6,0,10,1
0,6,3,1,1,45,3,33,2,10,0,45,3,36,1,10,1
0,6,3,2,1,33,12,34,1,3,0,33,12,33,2,3,1
0,6,3,3,1,22,1,15,44,3,0,22,0,15,40,3,1
0,6,3,4,1,40,18,21,2,11,1,40,18,20,1,11,0
0,6,3,5,1,28,1,30,9,3,0,28,1,29,8,3,1
0,6,3,6,1,46,24,1,1,3,0,46,23,5,1,3,1
0,6,4,0,1,45,23,4,1,3,1,45,23,2,0,3,0
0,6,4,1,1,37,15,22,11,11,0,37,15,22,10,11,1
0,6,4,2,1,44,23,1,2,3,0,44,23,1,3,3,1
0,6,4,3,1,40,18,2,21,11,1,40,18,1,20,11,0
0,6,4,4,1,50,1,2,17,2,1,50,1,1,19,2,0
0,6,4,5,1,48,25,1,2,3,0,48,24,1,3,3,1
0,6,4,6,1,47,24,4,0,3,1,47,24,3,1,3,0
0,6,5,0,1,45,22,11,6,3,1,45,22,11,5,3,0
0,6,5,1,1,46,24,3,2,3,1,46,24,2,1,3,0
0,6,5,2,1,44,23,1,4,3,1,44,23,1,3,3,0
0,6,5,3,1,28,1,9,30,3,0,28,1,8,29,3,1
0,6,5,4,1,48,25,2,1,3,0,48,24,3,1,3,1
0,6,5,5,1,48,25,2,1,11,1,48,24,3,1,11,0
0,6,5,6,1,49,26,1,1,3,0,49,25,3,0,3,1
0,6,6,0,1,48,29,0,3,3,1,48,29,1,3,3,0
0,6,6,1,1,33,16,11,22,3,0,33,16,10,22,3,1
0,6,6,2,1,44,23,1,5,3,1,44,23,1,4,3,0
0,6,6,3,1,46,24,1,1,3,0,46,23,1,5,3,1
0,6,6,4,1,47,24,0,4,3,1,47,24,1,3,3,0
0,6,6,5,1,49,26,1,1,3,0,49,25,0,3,3,1
0,6,6,6,1,47,24,1,1,3,0,47,24,1,0,3,1
1,0,0,0,1,42,1,1,13,2,1,42,1,1,8,2,0
1,0,0,1,1,38,7,1,14,2,1,38,7,0,15,2,0
1,0,0,2,1,42,1,1,39,2,1,42,1,1,31,2,0
1,0,0,3,1,19,4,5,49,3,1,19,4,4,58,3,0
1,0,0,4,1,21,1,11,14,3,0,21,1,11,13,3,1
1,0,0,5,1,21,1,29,34,3,0,21,1,28,32,3,1
1,0,0,6,1,21,1,25,20,3,0,21,1,25,18,3,1
1,0,1,0,1,38,7,14,1,2,1,38,7,15,0,2,0
1,0,1,1,1,51,22,9,2,1,0,50,22,10,3,1,1
1,0,1,2,1,42,1,3,34,2,0,42,1,2,37,2,1
1,0,1,3,1,21,1,9,41,3,0,21,1,10,39,3,1
1,0,1,4,1,21,1,24,29,3,0,21,1,23,26,3,1
1,0,1,5,1,21,1,33,24,3,0,21,1,32,22,3,1
1,0,1,6,1,42,1,26,4,2,0,42,1,24,2,2,1
1,0,2,0,1,42,1,39,1,2,1,42,1,31,1,2,0
1,0,2,1,1,42,1,34,3,2,0,42,1,37,2,2,1
1,0,2,2,1,42,1,4,37,2,0,42,1,3,38,2,1
1,0,2,3,1,21,1,20,23,3,1,21,1,19,26,3,0
1,0,2,4,1,21,1,32,13,3,0,21,1,31,11,3,1
1,0,2,5,1,21,1,35,8,3,0,21,1,34,7,3,1
1,0,2,6,1,21,1,26,2,3,1,21,1,28,3,3,0
1,0,3,0,1,19,4,49,5,3,1,19,4,58,4,3,0
1,0,3,1,1,21,1,41,9,3,0,21,1,39,10,3,1
1,0,3,2,1,21,1,23,20,3,1,21,1,26,19,3,0
1,0,3,3,1,27,4,47,4,3,1,27,3,47,4,3,0
1,0,3,4,1,17,11,53,4,11,1,17,11,50,3,11,0
1,0,3,5,1,17,12,52,3,11,1,17,12,51,2,11,0
1,0,3,6,1,15,12,32,1,11,1,15,12,29,0,11,0
1,0,4,0,1,21,1,14,11,3,0,21,1,13,11,3,1
1,0,4,1,1,21,1,29,24,3,0,21,1,26,23,3,1
1,0,4,2,1,21,1,13,32,3,0,21,1,11,31,3,1
1,0,4,3,1,17,11,4,53,11,1,17,11,3,50,11,0
1,0,4,4,1,35,21,1,4,10,0,35,21,1,5,10,1
1,0,4,5,1,50,1,30,4,3,1,50,0,30,5,3,0
1,0,4,6,1,16,15,11,1,11,1,16,15,10,0,11,0
1,0,5,0,1,21,1,34,29,3,0,21,1,32,28,3,1
1,0,5,1,1,21,1,24,33,3,0,21,1,22,32,3,1
1,0,5,2,1,21,1,8,35,3,0,21,1,7,34,3,1
1,0,5,3,1,17,12,3,52,11,1,17,12,2,51,11,0
1,0,5,4,1,47,8,24,4,3,1,47,7,24,4,3,0
1,0,5,5,1,56,0,23,1,3,0,57,1,25,1,3,1
1,0,5,6,1,54,4,23,4,3,0,54,4,23,3,3,1
1,0,6,0,1,21,1,20,25,3,0,21,1,18,25,3,1
1,0,6,1,1,42,1,4,26,2,0,42,1,2,24,2,1
1,0,6,2,1,21,1,2,26,3,1,21,1,3,28,3,0
1,0,6,3,1,15,12,1,32,11,1,15,12,0,29,11,0
1,0,6,4,1,16,15,1,11,11,1,16,15,0,10,11,0
1,0,6,5,1,53,1,12,4,3,1,53,0,12,4,3,0
1,0,6,6,1,15,13,1,1,11,1,15,13,1,0,11,0
1,1,0,0,1,54,7,1,1,10,0,54,7,0,0,10,1
1,1,0,1,1,21,39,2,1,10,0,21,39,1,2,10,1
1,1,0,2,1,47,12,1,8,2,1,47,12,0,8,2,0
1,1,0,3,1,52,11,1,16,2,1,52,11,0,16,2,0
1,1,0,4,1,25,5,11,28,3,1,25,5,11,29,3,0
1,1,0,5,1,26,6,18,28,3,0,26,6,18,27,3,1
1,1,0,6,1,51,12,8,8,2,0,51,12,8,7,2,1
1,1,1,0,1,21,39,1,2,10,0,21,39,2,1,10,1
1,1,1,1,1,25,49,1018,1020,2,0,25,48,1019,1021,2,1
1,1,1,2,1,51,22,1017,1019,2,0,51,22,1017,1020,2,1
1,1,1,3,1,25,5,3,43,3,1,25,5,2,53,3,0
1,1,1,4,1,25,5,18,32,3,0,25,5,18,31,3,1
1,1,1,5,1,26,5,19,18,3,0,26,5,18,17,3,1
1,1,1,6,1,26,5,10,6,3,0,26,5,10,5,3,1
1,1,2,0,1,47,12,8,1,2,1,47,12,8,0,2,0
1,1,2,1,1,51,22,1019,1017,2,0,51,22,1020,1017,2,1
1,1,2,2,1,43,1,29,12,2,1,43,1,29,11,2,0
1,1,2,3,1,26,5,1,40,11,1,26,5,2,38,11,0
1,1,2,4,1,27,8,18,25,3,0,27,8,18,24,3,1
1,1,2,5,1,25,5,38,17,3,0,25,5,37,16,3,1
1,1,2,6,1,26,5,35,11,3,0,26,5,34,10,3,1
1,1,3,0,1,52,11,16,1,2,1,52,11,16,0,2,0
1,1,3,1,1,25,5,43,3,3,1,25,5,53,2,3,0
1,1,3,2,1,26,5,40,1,11,1,26,5,38,2,11,0
1,1,3,3,1,29,2,50,4,11,1,29,3,49,4,11,0
1,1,3,4,1,27,7,45,5,3,0,27,7,43,4,3,1
1,1,3,5,1,26,7,49,2,3,0,26,7,45,1,3,1
1,1,3,6,1,27,6,50,1,3,0,27,6,46,0,3,1
1,1,4,0,1,25,5,28,11,3,1,25,5,29,11,3,0
1,1,4,1,1,25,5,32,18,3,0,25,5,31,18,3,1
1,1,4,2,1,27,8,25,18,3,0,27,8,24,18,3,1
1,1,4,3,1,27,7,5,45,3,0,27,7,4,43,3,1
1,1,4,4,1,50,19,4,7,2,0,50,19,4,6,2,1
1,1,4,5,1,51,22,5,7,2,0,51,22,4,7,2,1
1,1,4,6,1,53,13,2,0,2,1,53,13,1,1,2,0
1,1,5,0,1,26,6,28,18,3,0,26,6,27,18,3,1
1,1,5,1,1,26,5,18,19,3,0,26,5,17,18,3,1
1,1,5,2,1,25,5,17,38,3,0,25,5,16,37,3,1
1,1,5,3,1,26,7,2,49,3,0,26,7,1,45,3,1
1,1,5,4,1,51,22,7,5,2,0,51,22,7,4,2,1
1,1,5,5,1,25,49,6,4,2,0,25,48,5,3,2,1
1,1,5,6,1,55,11,2,0,10,0,55,11,1,1,10,1
1,1,6,0,1,51,12,8,8,2,0,51,12,7,8,2,1
1,1,6,1,1,26,5,6,10,3,0,26,5,5,10,3,1
1,1,6,2,1,26,5,11,35,3,0,26,5,10,34,3,1
1,1,6,3,1,27,6,1,50,3,0,27,6,0,46,3,1
1,1,6,4,1,53,13,0,2,2,1,53,13,1,1,2,0
1,1,6,5,1,55,11,0,2,10,0,55,11,1,1,10,1
1,1,6,6,1,55,17,3,3,2,0,55,17,2,2,2,1
1,2,0,0,1,43,30,3,1,2,1,43,30,2,1,2,0
1,2,0,1,1,43,30,1,5,2,1,43,30,0,4,2,0
1,2,0,2,1,43,29,1,11,2,1,43,29,0,10,2,0
1,2,0,3,1,22,14,1,43,3,0,22,14,2,41,3,1
1,2,0,4,1,22,14,13,34,3,0,22,14,13,33,3,1
1,2,0,5,1,22,16,14,20,3,0,22,16,14,19,3,1
1,2,0,6,1,22,14,15,13,3,1,22,14,15,14,3,0
1,2,1,0,1,43,30,5,1,2,1,43,30,4,0,2,0
1,2,1,1,1,56,2,1006,1018,3,1,56,2,1006,1017,3,0
1,2,1,2,1,43,29,1,12,2,1,43,29,1,11,2,0
1,2,1,3,1,22,14,3,45,3,1,22,14,2,46,3,0
1,2,1,4,1,22,14,15,24,3,1,22,14,15,25,3,0
1,2,1,5,1,22,14,21,18,3,0,22,14,20,17,3,1
1,2,1,6,1,22,15,25,15,3,0,22,15,24,14,3,1
1,2,2,0,1,43,29,11,1,2,1,43,29,10,0,2,0
1,2,2,1,1,43,29,12,1,2,1,43,29,11,1,2,0
1,2,2,2,1,44,29,11,1,2,1,44,29,10,1,2,0
1,2,2,3,1,46,31,5,1,2,1,46,31,4,1,2,0
1,2,2,4,1,23,14,24,21,3,0,23,14,24,20,3,1
1,2,2,5,1,22,15,28,12,3,0,22,15,27,11,3,1
1,2,2,6,1,22,14,34,10,3,0,22,14,33,9,3,1
1,2,3,0,1,22,14,43,1,3,0,22,14,41,2,3,1
1,2,3,1,1,22,14,45,3,3,1,22,14,46,2,3,0
1,2,3,2,1,46,31,1,5,2,1,46,31,1,4,2,0
1,2,3,3,1,31,2,42,3,3,1,30,3,47,5,3,0
1,2,3,4,1,24,19,26,4,11,1,24,19,25,3,11,0
1,2,3,5,1,26,18,28,4,11,1,26,18,27,3,11,0
1,2,3,6,1,23,20,35,1,11,1,23,20,34,0,11,0
1,2,4,0,1,22,14,34,13,3,0,22,14,33,13,3,1
1,2,4,1,1,22,14,24,15,3,1,22,14,25,15,3,0
1,2,4,2,1,23,14,21,24,3,0,23,14,20,24,3,1
1,2,4,3,1,24,19,4,26,11,1,24,19,3,25,11,0
1,2,4,4,1,51,29,2,1,2,0,50,31,2,1,2,1
1,2,4,5,1,47,3,32,1,3,0,47,4,32,1,3,1
1,2,4,6,1,45,39,1,0,10,0,48,35,1,1,10,1
1,2,5,0,1,22,16,20,14,3,0,22,16,19,14,3,1
1,2,5,1,1,22,14,18,21,3,0,22,14,17,20,3,1
1,2,5,2,1,22,15,12,28,3,0,22,15,11,27,3,1
1,2,5,3,1,26,18,4,28,11,1,26,18,3,27,11,0
1,2,5,4,1,6,68,7,2,11,0,5,68,6,2,11,1
1,2,5,5,1,56,2,18,6,3,1,56,2,18,7,3,0
1,2,5,6,1,49,34,1,1,10,1,46,38,1,0,10,0
1,2,6,0,1,22,14,13,15,3,1,22,14,14,15,3,0
1,2,6,1,1,22,15,15,25,3,0,22,15,14,24,3,1
1,2,6,2,1,22,14,10,34,3,0,22,14,9,33,3,1
1,2,6,3,1,23,20,1,35,11,1,23,20,0,34,11,0
1,2,6,4,1,45,39,0,1,10,0,48,35,1,1,10,1
1,2,6,5,1,49,34,1,1,10,1,46,38,0,1,10,0
1,2,6,6,1,25,19,0,0,11,0,25,19,1,1,11,1
1,3,0,0,1,23,44,3,3,3,1,23,44,2,2,3,0
1,3,0,1,1,27,47,0,5,3,0,27,46,1,4,3,1
1,3,0,2,1,29,48,0,4,3,0,29,47,1,4,3,1
1,3,0,3,1,27,47,4,4,3,1,27,47,3,4,3,0
1,3,0,4,1,29,47,3,2,3,1,28,49,3,3,3,0
1,3,0,5,1,33,50,0,1,3,0,33,49,1,2,3,1
1,3,0,6,1,27,47,4,1,3,0,27,46,5,0,3,1
1,3,1,0,1,27,47,5,0,3,0,27,46,4,1,3,1
1,3,1,1,1,25,43,5,3,3,1,25,53,5,2,3,0
1,3,1,2,1,27,48,2,5,3,0,27,47,3,5,3,1
1,3,1,3,1,29,50,2,4,11,1,29,49,3,4,11,0
1,3,1,4,1,33,46,1,4,3,0,33,45,1,3,3,1
1,3,1,5,1,26,43,9,3,11,0,26,43,9,4,11,1
1,3,1,6,1,30,51,3,1,3,0,30,50,3,0,3,1
1,3,2,0,1,29,48,4,0,3,0,29,47,4,1,3,1
1,3,2,1,1,27,48,5,2,3,0,27,47,5,3,3,1
1,3,2,2,1,29,50,4,2,3,0,29,49,4,3,3,1
1,3,2,3,1,31,42,2,3,3,1,30,47,3,5,3,0
1,3,2,4,1,30,50,4,1,11,1,30,48,5,1,11,0
1,3,2,5,1,31,45,3,1,3,0,31,44,4,1,3,1
1,3,2,6,1,33,50,1,1,3,0,33,49,2,1,3,1
1,3,3,0,1,27,47,4,4,3,1,27,47,4,3,3,0
1,3,3,1,1,29,50,4,2,11,1,29,49,4,3,11,0
1,3,3,2,1,31,42,3,2,3,1,30,47,5,3,3,0
1,3,3,3,1,32,43,2,1,11,0,32,48,2,1,3,0
1,3,3,4,1,1,13,3,66,13,1,2,12,3,68,13,0
1,3,3,5,1,35,8,37,4,11,1,35,8,36,3,11,0
1,3,3,6,1,67,6,1,2,2,0,66,15,3,1,2,1
1,3,4,0,1,29,47,2,3,3,1,28,49,3,3,3,0
1,3,4,1,1,33,46,4,1,3,0,33,45,3,1,3,1
1,3,4,2,1,30,50,1,4,11,1,30,48,1,5,11,0
1,3,4,3,1,21,4,42,2,12,1,20,4,40,2,12,0
1,3,4,4,1,22,1,41,4,4,0,22,1,41,3,4,1
1,3,4,5,1,26,5,51,1,4,0,26,6,50,1,4,1
1,3,4,6,1,34,46,2,1,3,0,34,45,2,0,3,1
1,3,5,0,1,33,50,1,0,3,0,33,49,2,1,3,1
1,3,5,1,1,26,43,3,9,11,0,26,43,4,9,11,1
1,3,5,2,1,31,45,1,3,3,0,31,44,1,4,3,1
1,3,5,3,1,35,8,4,37,11,1,35,8,3,36,11,0
1,3,5,4,1,49,16,15,4,11,1,49,16,15,3,11,0
1,3,5,5,1,69,10,3,2,10,1,68,12,3,1,10,0
1,3,5,6,1,68,8,1,2,2,0,67,13,2,0,2,1
1,3,6,0,1,27,47,1,4,3,0,27,46,0,5,3,1
1,3,6,1,1,30,51,1,3,3,0,30,50,0,3,3,1
1,3,6,2,1,33,50,1,1,3,0,33,49,1,2,3,1
1,3,6,3,1,67,6,2,1,2,0,66,15,1,3,2,1
1,3,6,4,1,34,46,1,2,3,0,34,45,0,2,3,1
1,3,6,5,1,68,8,2,1,2,0,67,13,0,2,2,1
1,3,6,6,1,56,4,15,0,3,1,56,4,15,1,3,0
1,4,0,0,1,45,34,1,1,3,0,44,33,2,1,3,1
1,4,0,1,1,45,30,1,1,3,1,45,30,0,2,3,0
1,4,0,2,1,46,36,2,1,3,0,45,35,3,1,3,1
1,4,0,3,1,45,34,2,2,3,0,44,33,3,2,3,1
1,4,0,4,1,46,28,1,2,3,1,46,28,0,3,3,0
1,4,0,5,1,50,30,1,4,3,1,50,30,0,5,3,0
1,4,0,6,1,48,28,4,4,3,1,48,28,3,5,3,0
1,4,1,0,1,45,30,1,1,3,1,45,30,2,0,3,0
1,4,1,1,1,65,13,3,2,2,0,65,12,3,2,2,1
1,4,1,2,1,65,13,5,1,2,0,65,12,5,1,2,1
1,4,1,3,1,45,34,4,1,3,0,44,33,5,1,3,1
1,4,1,4,1,48,31,1,2,3,1,48,31,1,3,3,0
1,4,1,5,1,48,29,1,2,11,0,48,28,1,3,11,1
1,4,1,6,1,44,24,7,5,3,0,44,24,8,4,3,1
1,4,2,0,1,46,36,1,2,3,0,45,35,1,3,3,1
1,4,2,1,1,65,13,1,5,2,0,65,12,1,5,2,1
1,4,2,2,1,67,12,3,2,2,0,67,11,3,2,2,1
1,4,2,3,1,65,4,3,13,2,1,65,4,2,12,2,0
1,4,2,4,1,49,31,1,4,3,0,49,31,1,3,3,1
1,4,2,5,1,47,32,3,1,3,0,47,32,4,1,3,1
1,4,2,6,1,45,30,7,1,3,0,45,30,6,0,3,1
1,4,3,0,1,45,34,2,2,3,0,44,33,2,3,3,1
1,4,3,1,1,45,34,1,4,3,0,44,33,1,5,3,1
1,4,3,2,1,65,4,13,3,2,1,65,4,12,2,2,0
1,4,3,3,1,21,42,4,2,12,1,20,40,4,2,12,0
1,4,3,4,1,22,41,1,4,4,0,22,41,1,3,4,1
1,4,3,5,1,26,51,5,1,4,0,26,50,6,1,4,1
1,4,3,6,1,46,27,2,0,3,1,46,26,1,1,3,0
1,4,4,0,1,46,28,2,1,3,1,46,28,3,0,3,0
1,4,4,1,1,48,31,2,1,3,1,48,31,3,1,3,0
1,4,4,2,1,49,31,4,1,3,0,49,31,3,1,3,1
1,4,4,3,1,22,41,4,1,4,0,22,41,3,1,4,1
1,4,4,4,1,7,20,2,56,13,0,6,20,2,56,13,1
1,4,4,5,1,5,58,9,3,13,0,4,58,8,3,13,1
1,4,4,6,1,48,28,2,0,3,1,48,27,2,1,3,0
1,4,5,0,1,50,30,4,1,3,1,50,30,5,0,3,0
1,4,5,1,1,48,29,2,1,11,0,48,28,3,1,11,1
1,4,5,2,1,47,32,1,3,3,0,47,32,1,4,3,1
1,4,5,3,1,26,51,1,5,4,0,26,50,1,6,4,1
1,4,5,4,1,7,2,8,60,13,0,5,2,6,60,13,1
1,4,5,5,1,56,7,19,1,3,1,56,8,19,1,3,0
1,4,5,6,1,50,29,1,2,11,1,49,29,1,1,11,0
1,4,6,0,1,48,28,4,4,3,1,48,28,5,3,3,0
1,4,6,1,1,44,24,5,7,3,0,44,24,4,8,3,1
1,4,6,2,1,45,30,1,7,3,0,45,30,0,6,3,1
1,4,6,3,1,46,27,0,2,3,1,46,26,1,1,3,0
1,4,6,4,1,48,28,0,2,3,1,48,27,1,2,3,0
1,4,6,5,1,50,29,2,1,11,1,49,29,1,1,11,0
1,4,6,6,1,48,27,1,1,3,0,48,27,0,0,3,1
1,5,0,0,1,47,22,2,2,3,0,47,22,2,3,3,1
1,5,0,1,1,45,22,1,8,3,1,45,22,0,7,3,0
1,5,0,2,1,45,22,1,16,3,1,45,22,0,15,3,0
1,5,0,3,1,51,24,4,4,3,1,51,24,3,4,3,0
1,5,0,4,1,47,24,8,4,3,1,47,24,7,4,3,0
1,5,0,5,1,56,23,0,1,3,0,57,25,1,1,3,1
1,5,0,6,1,54,23,4,4,3,0,54,23,4,3,3,1
1,5,1,0,1,45,22,8,1,3,1,45,22,7,0,3,0
1,5,1,1,1,54,26,3,1,3,0,54,25,2,1,3,1
1,5,1,2,1,54,24,1,2,3,1,54,25,1,3,3,0
1,5,1,3,1,48,18,3,12,3,1,48,18,2,12,3,0
1,5,1,4,1,56,23,1,4,3,0,55,22,1,3,3,1
1,5,1,5,1,54,18,3,6,3,1,54,18,2,6,3,0
1,5,1,6,1,47,24,11,1,3,1,47,24,10,1,3,0
1,5,2,0,1,45,22,16,1,3,1,45,22,15,0,3,0
1,5,2,1,1,54,24,2,1,3,1,54,25,3,1,3,0
1,5,2,2,1,54,25,4,1,3,0,54,24,3,1,3,1
1,5,2,3,1,47,17,4,16,3,1,47,17,3,16,3,0
1,5,2,4,1,6,7,68,2,11,0,5,6,68,2,11,1
1,5,2,5,1,56,18,2,6,3,1,56,18,2,7,3,0
1,5,2,6,1,53,23,7,1,3,0,53,23,9,0,3,1
1,5,3,0,1,51,24,4,4,3,1,51,24,4,3,3,0
1,5,3,1,1,48,18,12,3,3,1,48,18,12,2,3,0
1,5,3,2,1,47,17,16,4,3,1,47,17,16,3,3,0
1,5,3,3,1,54,22,1,2,11,0,57,25,1,2,3,0
1,5,3,4,1,49,15,16,4,11,1,49,15,16,3,11,0
1,5,3,5,1,69,3,10,2,10,1,68,3,12,1,10,0
1,5,3,6,1,56,23,1,1,11,1,55,23,2,0,11,0
1,5,4,0,1,47,24,4,8,3,1,47,24,4,7,3,0
1,5,4,1,1,56,23,4,1,3,0,55,22,3,1,3,1
1,5,4,2,1,47,1,32,3,3,0,47,1,32,4,3,1
1,5,4,3,1,49,15,4,16,11,1,49,15,3,16,11,0
1,5,4,4,1,7,8,2,60,13,0,5,6,2,60,13,1
1,5,4,5,1,56,19,7,1,3,1,56,19,8,1,3,0
1,5,4,6,1,57,23,2,0,3,1,57,23,1,1,3,0
1,5,5,0,1,56,23,1,0,3,0,57,25,1,1,3,1
1,5,5,1,1,54,18,6,3,3,1,54,18,6,2,3,0
1,5,5,2,1,56,18,6,2,3,1,56,18,7,2,3,0
1,5,5,3,1,4,26,9,43,5,1,3,26,9,43,5,0
1,5,5,4,1,56,19,1,7,3,1,56,19,1,8,3,0
1,5,5,5,1,25,27,21,9,13,0,24,27,21,9,13,1
1,5,5,6,1,58,25,1,0,3,1,58,24,1,1,3,0
1,5,6,0,1,54,23,4,4,3,0,54,23,3,4,3,1
1,5,6,1,1,47,24,1,11,3,1,47,24,1,10,3,0
1,5,6,2,1,53,23,1,7,3,0,53,23,0,9,3,1
1,5,6,3,1,56,23,1,1,11,1,55,23,0,2,11,0
1,5,6,4,1,57,23,0,2,3,1,57,23,1,1,3,0
1,5,6,5,1,58,25,0,1,3,1,58,24,1,1,3,0
1,5,6,6,1,58,22,1,1,3,1,57,22,1,1,3,0
1,6,0,0,1,49,16,3,1,3,0,49,16,4,1,3,1
1,6,0,1,1,56,18,1,2,3,1,56,18,0,3,3,0
1,6,0,2,1,49,16,1,12,3,1,49,16,0,11,3,0
1,6,0,3,1,51,16,4,12,3,1,51,16,3,12,3,0
1,6,0,4,1,53,12,1,8,3,1,53,12,0,8,3,0
1,6,0,5,1,53,12,1,4,3,1,53,12,0,4,3,0
1,6,0,6,1,54,11,8,11,3,1,54,11,7,11,3,0
1,6,1,0,1,56,18,2,1,3,1,56,18,3,0,3,0
1,6,1,1,1,59,21,3,1,3,0,59,20,2,1,3,1
1,6,1,2,1,60,20,1,2,11,0,59,20,1,3,11,1
1,6,1,3,1,60,19,1,2,11,0,61,20,1,3,11,1
1,6,1,4,1,61,19,1,3,3,0,61,19,1,2,3,1
1,6,1,5,1,62,19,1,2,3,1,62,18,1,4,3,0
1,6,1,6,1,54,10,9,10,3,1,54,10,8,10,3,0
1,6,2,0,1,49,16,12,1,3,1,49,16,11,0,3,0
1,6,2,1,1,60,20,2,1,11,0,59,20,3,1,11,1
1,6,2,2,1,50,17,4,11,3,1,50,17,3,11,3,0
1,6,2,3,1,23,1,20,35,11,1,23,0,20,34,11,0
1,6,2,4,1,60,18,1,3,3,0,60,18,1,2,3,1
1,6,2,5,1,54,15,11,5,11,0,54,15,10,5,11,1
1,6,2,6,1,53,12,13,6,3,1,53,12,12,6,3,0
1,6,3,0,1,51,16,12,4,3,1,51,16,12,3,3,0
1,6,3,1,1,60,19,2,1,11,0,61,20,3,1,11,1
1,6,3,2,1,33,1,50,1,3,0,33,1,49,2,3,1
1,6,3,3,1,67,2,6,1,2,0,66,1,15,3,2,1
1,6,3,4,1,61,18,1,4,3,0,61,18,1,3,3,1
1,6,3,5,1,68,2,8,1,2,0,67,0,13,2,2,1
1,6,3,6,1,56,15,4,0,3,1,56,15,4,1,3,0
1,6,4,0,1,53,12,8,1,3,1,53,12,8,0,3,0
1,6,4,1,1,61,19,3,1,3,0,61,19,2,1,3,1
1,6,4,2,1,60,18,3,1,3,0,60,18,2,1,3,1
1,6,4,3,1,61,18,4,1,3,0,61,18,3,1,3,1
1,6,4,4,1,55,9,1,18,3,1,55,9,2,18,3,0
1,6,4,5,1,50,2,29,1,11,1,49,1,29,1,11,0
1,6,4,6,1,54,13,3,1,3,0,54,13,3,0,3,1
1,6,5,0,1,53,12,4,1,3,1,53,12,4,0,3,0
1,6,5,1,1,62,19,2,1,3,1,62,18,4,1,3,0
1,6,5,2,1,54,15,5,11,11,0,54,15,5,10,11,1
1,6,5,3,1,56,1,23,1,11,1,55,0,23,2,11,0
1,6,5,4,1,57,0,23,2,3,1,57,1,23,1,3,0
1,6,5,5,1,61,13,6,4,3,0,61,12,6,4,3,1
1,6,5,6,1,55,12,4,0,3,1,55,12,4,1,3,0
1,6,6,0,1,54,11,11,8,3,1,54,11,11,7,3,0
1,6,6,1,1,54,10,10,9,3,1,54,10,10,8,3,0
1,6,6,2,1,53,12,6,13,3,1,53,12,6,12,3,0
1,6,6,3,1,56,15,0,4,3,1,56,15,1,4,3,0
1,6,6,4,1,54,13,1,3,3,0,54,13,0,3,3,1
1,6,6,5,1,55,12,0,4,3,1,55,12,1,4,3,0
1,6,6,6,1,56,14,0,0,3,1,56,14,1,1,3,0
2,0,0,0,1,34,2,1,6,11,1,34,2,1,7,11,0
2,0,0,1,1,39,1,1,42,2,1,31,1,1,42,2,0
2,0,0,2,1,33,1,1,24,11,1,33,1,1,26,11,0
2,0,0,3,1,36,3,7,39,11,0,36,3,6,40,11,1
2,0,0,4,1,39,5,10,21,11,1,39,5,10,20,11,0
2,0,0,5,1,41,8,8,13,11,1,41,8,8,12,11,0
2,0,0,6,1,42,8,9,9,11,0,42,8,8,9,11,1
2,0,1,0,1,30,3,43,1,2,1,30,2,43,1,2,0
2,0,1,1,1,30,1,43,5,2,1,30,0,43,4,2,0
2,0,1,2,1,42,22,1,18,2,1,42,22,1,17,2,0
2,0,1,3,1,20,13,2,34,3,0,20,13,3,33,3,1
2,0,1,4,1,20,13,19,33,3,0,20,13,19,32,3,1
2,0,1,5,1,21,13,26,24,3,0,21,13,25,22,3,1
2,0,1,6,1,40,7,20,13,3,0,40,7,21,13,3,1
2,0,2,0,1,33,1,24,1,11,1,33,1,26,1,11,0
2,0,2,1,1,42,22,18,1,2,1,42,22,17,1,2,0
2,0,2,2,1,51,1,10,1,3,1,51,0,10,2,3,0
2,0,2,3,1,40,29,2,10,2,1,40,29,1,10,2,0
2,0,2,4,1,43,10,2,11,11,0,43,10,1,11,11,1
2,0,2,5,1,43,10,13,11,11,0,43,10,12,11,11,1
2,0,2,6,1,41,6,7,1,11,1,41,6,6,0,11,0
2,0,3,0,1,36,3,39,7,11,0,36,3,40,6,11,1
2,0,3,1,1,20,13,34,2,3,0,20,13,33,3,3,1
2,0,3,2,1,40,29,10,2,2,1,40,29,10,1,2,0
2,0,3,3,1,57,3,13,3,3,1,57,2,13,3,3,0
2,0,3,4,1,43,10,20,9,11,0,43,10,21,10,11,1
2,0,3,5,1,21,16,37,3,3,0,21,16,36,2,3,1
2,0,3,6,1,21,15,41,1,3,0,21,15,39,0,3,1
2,0,4,0,1,39,5,21,10,11,1,39,5,20,10,11,0
2,0,4,1,1,20,13,33,19,3,0,20,13,32,19,3,1
2,0,4,2,1,43,10,11,2,11,0,43,10,11,1,11,1
2,0,4,3,1,43,10,9,20,11,0,43,10,10,21,11,1
2,0,4,4,1,35,34,2,7,2,1,35,34,3,7,2,0
2,0,4,5,1,42,32,2,4,2,0,41,32,2,3,2,1
2,0,4,6,1,19,16,2,0,3,1,19,16,1,1,3,0
2,0,5,0,1,41,8,13,8,11,1,41,8,12,8,11,0
2,0,5,1,1,21,13,24,26,3,0,21,13,22,25,3,1
2,0,5,2,1,43,10,11,13,11,0,43,10,11,12,11,1
2,0,5,3,1,21,16,3,37,3,0,21,16,2,36,3,1
2,0,5,4,1,42,32,4,2,2,0,41,32,3,2,2,1
2,0,5,5,1,42,32,3,2,2,0,41,32,3,1,2,1
2,0,5,6,1,16,20,5,1,3,0,16,20,4,0,3,1
2,0,6,0,1,42,8,9,9,11,0,42,8,9,8,11,1
2,0,6,1,1,40,7,13,20,3,0,40,7,13,21,3,1
2,0,6,2,1,41,6,1,7,11,1,41,6,0,6,11,0
2,0,6,3,1,21,15,1,41,3,0,21,15,0,39,3,1
2,0,6,4,1,19,16,0,2,3,1,19,16,1,1,3,0
2,0,6,5,1,16,20,1,5,3,0,16,20,0,4,3,1
2,0,6,6,1,21,16,1,1,3,0,21,16,0,0,3,1
2,1,0,0,1,30,43,3,1,2,1,30,43,2,1,2,0
2,1,0,1,1,30,43,1,5,2,1,30,43,0,4,2,0
2,1,0,2,1,29,43,1,11,2,1,29,43,0,10,2,0
2,1,0,3,1,14,22,1,43,3,0,14,22,2,41,3,1
2,1,0,4,1,14,22,13,34,3,0,14,22,13,33,3,1
2,1,0,5,1,16,22,14,20,3,0,16,22,14,19,3,1
2,1,0,6,1,14,22,15,13,3,1,14,22,15,14,3,0
2,1,1,0,1,30,43,5,1,2,1,30,43,4,0,2,0
2,1,1,1,1,70,6,1022,1017,11,0,70,5,1022,1018,11,1
2,1,1,2,1,29,43,1,12,2,1,29,43,1,11,2,0
2,1,1,3,1,14,22,3,45,3,1,14,22,2,46,3,0
2,1,1,4,1,14,22,15,24,3,1,14,22,15,25,3,0
2,1,1,5,1,14,22,21,18,3,0,14,22,20,17,3,1
2,1,1,6,1,15,22,25,15,3,0,15,22,24,14,3,1
2,1,2,0,1,29,43,11,1,2,1,29,43,10,0,2,0
2,1,2,1,1,29,43,12,1,2,1,29,43,11,1,2,0
2,1,2,2,1,29,44,11,1,2,1,29,44,10,1,2,0
2,1,2,3,1,31,46,5,1,2,1,31,46,4,1,2,0
2,1,2,4,1,14,23,24,21,3,0,14,23,24,20,3,1
2,1,2,5,1,15,22,28,12,3,0,15,22,27,11,3,1
2,1,2,6,1,14,22,34,10,3,0,14,22,33,9,3,1
2,1,3,0,1,14,22,43,1,3,0,14,22,41,2,3,1
2,1,3,1,1,14,22,45,3,3,1,14,22,46,2,3,0
2,1,3,2,1,31,46,1,5,2,1,31,46,1,4,2,0
2,1,3,3,1,2,31,3,42,3,1,3,30,5,47,3,0
2,1,3,4,1,19,24,26,4,11,1,19,24,25,3,11,0
2,1,3,5,1,18,26,28,4,11,1,18,26,27,3,11,0
2,1,3,6,1,20,23,35,1,11,1,20,23,34,0,11,0
2,1,4,0,1,14,22,34,13,3,0,14,22,33,13,3,1
2,1,4,1,1,14,22,24,15,3,1,14,22,25,15,3,0
2,1,4,2,1,14,23,21,24,3,0,14,23,20,24,3,1
2,1,4,3,1,19,24,4,26,11,1,19,24,3,25,11,0
2,1,4,4,1,29,51,2,1,2,0,31,50,2,1,2,1
2,1,4,5,1,68,6,2,7,11,0,68,5,2,6,11,1
2,1,4,6,1,39,45,1,0,10,0,35,48,1,1,10,1
2,1,5,0,1,16,22,20,14,3,0,16,22,19,14,3,1
2,1,5,1,1,14,22,18,21,3,0,14,22,17,20,3,1
2,1,5,2,1,15,22,12,28,3,0,15,22,11,27,3,1
2,1,5,3,1,18,26,4,28,11,1,18,26,3,27,11,0
2,1,5,4,1,66,6,1,12,11,0,66,4,1,9,11,1
2,1,5,5,1,70,6,2,7,11,0,70,5,2,6,11,1
2,1,5,6,1,34,49,1,1,10,1,38,46,1,0,10,0
2,1,6,0,1,14,22,13,15,3,1,14,22,14,15,3,0
2,1,6,1,1,15,22,15,25,3,0,15,22,14,24,3,1
2,1,6,2,1,14,22,10,34,3,0,14,22,9,33,3,1
2,1,6,3,1,20,23,1,35,11,1,20,23,0,34,11,0
2,1,6,4,1,39,45,0,1,10,0,35,48,1,1,10,1
2,1,6,5,1,34,49,1,1,10,1,38,46,0,1,10,0
2,1,6,6,1,19,25,0,0,11,0,19,25,1,1,11,1
2,2,0,0,1,49,10,1,1,3,1,49,10,0,0,3,0
2,2,0,1,1,40,12,1,5,11,0,40,12,0,4,11,1
2,2,0,2,1,51,10,1,1,3,1,51,10,0,2,3,0
2,2,0,3,1,50,12,1,15,3,1,50,12,0,14,3,0
2,2,0,4,1,52,13,1,3,3,1,52,13,0,1,3,0
2,2,0,5,1,53,13,1,2,3,1,53,13,0,1,3,0
2,2,0,6,1,55,11,4,4,3,1,55,11,3,4,3,0
2,2,1,0,1,40,12,5,1,11,0,40,12,4,0,11,1
2,2,1,1,1,29,12,43,1,2,1,29,11,43,1,2,0
2,2,1,2,1,29,11,44,1,2,1,29,10,44,1,2,0
2,2,1,3,1,31,5,46,1,2,1,31,4,46,1,2,0
2,2,1,4,1,64,1,5,11,3,0,64,1,5,10,3,1
2,2,1,5,1,60,12,3,6,3,1,60,12,2,6,3,0
2,2,1,6,1,59,10,3,4,3,0,59,10,3,3,3,1
2,2,2,0,1,51,10,1,1,3,1,51,10,2,0,3,0
2,2,2,1,1,1,29,11,44,2,1,1,29,10,44,2,0
2,2,2,2,1,53,21,1023,1015,3,0,53,21,1023,1016,3,1
2,2,2,3,1,1,59,5,13,3,1,1,59,4,13,3,0
2,2,2,4,1,49,18,1,4,3,0,49,18,1,3,3,1
2,2,2,5,1,62,14,1,6,3,1,62,13,1,6,3,0
2,2,2,6,1,53,13,2,1,3,1,53,13,1,1,3,0
2,2,3,0,1,50,12,15,1,3,1,50,12,14,0,3,0
2,2,3,1,1,52,11,13,1,3,1,52,10,13,1,3,0
2,2,3,2,1,59,5,13,1,3,1,59,4,13,1,3,0
2,2,3,3,1,60,5,14,1,3,1,60,4,14,1,3,0
2,2,3,4,1,56,11,12,3,11,0,56,11,12,4,11,1
2,2,3,5,1,64,9,8,4,3,1,64,8,7,4,3,0
2,2,3,6,1,54,12,3,0,3,1,54,12,2,1,3,0
2,2,4,0,1,52,13,3,1,3,1,52,13,1,0,3,0
2,2,4,1,1,64,1,11,5,3,0,64,1,10,5,3,1
2,2,4,2,1,49,18,4,1,3,0,49,18,3,1,3,1
2,2,4,3,1,56,11,3,12,11,0,56,11,4,12,11,1
2,2,4,4,1,53,21,1,9,3,0,53,21,1,8,3,1
2,2,4,5,1,60,15,1,5,3,1,60,14,1,5,3,0
2,2,4,6,1,54,13,1,1,3,0,54,13,2,0,3,1
2,2,5,0,1,53,13,2,1,3,1,53,13,1,0,3,0
2,2,5,1,1,60,12,6,3,3,1,60,12,6,2,3,0
2,2,5,2,1,62,14,6,1,3,1,62,13,6,1,3,0
2,2,5,3,1,64,9,4,8,3,1,64,8,4,7,3,0
2,2,5,4,1,60,15,5,1,3,1,60,14,5,1,3,0
2,2,5,5,1,60,15,3,2,3,1,60,14,3,2,3,0
2,2,5,6,1,59,15,4,1,3,0,59,15,5,0,3,1
2,2,6,0,1,55,11,4,4,3,1,55,11,4,3,3,0
2,2,6,1,1,59,10,4,3,3,0,59,10,3,3,3,1
2,2,6,2,1,53,13,1,2,3,1,53,13,1,1,3,0
2,2,6,3,1,54,12,0,3,3,1,54,12,1,2,3,0
2,2,6,4,1,54,13,1,1,3,0,54,13,0,2,3,1
2,2,6,5,1,59,15,1,4,3,0,59,15,0,5,3,1
2,2,6,6,1,56,13,1,1,3,0,56,13,0,0,3,1
2,3,0,0,1,52,13,1,1,3,0,52,13,2,2,3,1
2,3,0,1,1,52,12,0,4,11,1,52,12,1,5,11,0
2,3,0,2,1,52,13,1,10,3,1,52,13,0,9,3,0
2,3,0,3,1,57,13,3,3,3,1,57,13,2,3,3,0
2,3,0,4,1,65,1,4,13,3,0,65,1,4,12,3,1
2,3,0,5,1,65,14,2,4,3,0,65,12,2,3,3,1
2,3,0,6,1,65,13,4,3,3,1,66,2,0,1,3,0
2,3,1,0,1,52,12,4,0,11,1,52,12,5,1,11,0
2,3,1,1,1,14,45,22,3,3,1,14,46,22,2,3,0
2,3,1,2,1,52,13,1,11,3,1,52,13,1,10,3,0
2,3,1,3,1,2,3,31,42,3,1,3,5,30,47,3,0
2,3,1,4,1,65,1,5,11,3,0,65,1,4,8,3,1
2,3,1,5,1,66,9,3,4,3,1,66,8,2,4,3,0
2,3,1,6,1,65,15,3,2,3,1,65,13,2,2,3,0
2,3,2,0,1,52,13,10,1,3,1,52,13,9,0,3,0
2,3,2,1,1,52,13,11,1,3,1,52,13,10,1,3,0
2,3,2,2,1,59,13,5,1,3,1,59,13,4,1,3,0
2,3,2,3,1,60,14,5,1,3,1,60,14,4,1,3,0
2,3,2,4,1,67,13,1,4,3,0,67,13,1,3,3,1
2,3,2,5,1,65,1,9,5,3,0,65,1,8,4,3,1
2,3,2,6,1,65,1,14,5,3,1,65,1,11,4,3,0
2,3,3,0,1,57,13,3,3,3,1,57,13,3,2,3,0
2,3,3,1,1,2,42,3,31,3,1,3,47,5,30,3,0
2,3,3,2,1,60,14,1,5,3,1,60,14,1,4,3,0
2,3,3,3,0,0,0,0,0,0,0,0,0,0,0,0,0
2,3,3,4,1,67,14,1,3,11,0,67,13,1,4,11,1
2,3,3,5,1,71,8,1,4,11,1,70,11,1,3,11,0
2,3,3,6,1,66,2,12,1,3,0,66,2,9,0,3,1
2,3,4,0,1,65,1,13,4,3,0,65,1,12,4,3,1
2,3,4,1,1,65,1,11,5,3,0,65,1,8,4,3,1
2,3,4,2,1,67,13,4,1,3,0,67,13,3,1,3,1
2,3,4,3,1,67,14,3,1,11,0,67,13,4,1,11,1
2,3,4,4,1,6,7,12,58,5,0,6,7,11,58,5,1
2,3,4,5,1,10,1,66,4,13,0,10,1,65,5,13,1
2,3,4,6,1,67,10,2,0,3,1,67,10,1,1,3,0
2,3,5,0,1,65,14,4,2,3,0,65,12,3,2,3,1
2,3,5,1,1,66,9,4,3,3,1,66,8,4,2,3,0
2,3,5,2,1,65,1,5,9,3,0,65,1,4,8,3,1
2,3,5,3,1,71,8,4,1,11,1,70,11,3,1,11,0
2,3,5,4,1,4,12,65,2,14,0,4,13,65,3,14,1
2,3,5,5,1,12,3,69,1,6,1,12,3,68,2,6,0
2,3,5,6,1,72,8,1,2,3,0,70,13,2,0,3,1
2,3,6,0,1,65,13,3,4,3,1,66,2,1,0,3,0
2,3,6,1,1,65,15,2,3,3,1,65,13,2,2,3,0
2,3,6,2,1,65,1,5,14,3,1,65,1,4,11,3,0
2,3,6,3,1,66,2,1,12,3,0,66,2,0,9,3,1
2,3,6,4,1,67,10,0,2,3,1,67,10,1,1,3,0
2,3,6,5,1,72,8,2,1,3,0,70,13,0,2,3,1
2,3,6,6,1,68,11,0,0,3,1,69,5,1,1,3,0
2,4,0,0,1,65,6,1,1,3,1,65,6,0,0,3,0
2,4,0,1,1,65,12,3,1,3,0,65,11,3,1,3,1
2,4,0,2,1,65,9,0,6,3,0,65,10,1,7,3,1
2,4,0,3,1,65,3,1,13,3,1,65,3,0,10,3,0
2,4,0,4,1,65,1,5,14,11,0,65,1,4,13,11,1
2,4,0,5,1,65,1,6,9,11,0,65,1,4,6,11,1
2,4,0,6,1,69,3,4,5,11,1,68,4,6,6,11,0
2,4,1,0,1,65,12,1,3,3,0,65,11,1,3,3,1
2,4,1,1,1,65,12,3,2,3,0,65,11,3,2,3,1
2,4,1,2,1,65,11,3,5,3,1,65,12,3,5,3,0
2,4,1,3,1,65,10,5,1,3,1,65,9,4,1,3,0
2,4,1,4,1,65,1,5,10,11,1,65,1,4,8,11,0
2,4,1,5,1,68,2,6,7,11,0,68,2,5,6,11,1
2,4,1,6,1,73,5,1,2,11,1,72,8,2,1,11,0
2,4,2,0,1,65,9,6,0,3,0,65,10,7,1,3,1
2,4,2,1,1,65,11,5,3,3,1,65,12,5,3,3,0
2,4,2,2,1,49,4,18,1,3,0,49,3,18,1,3,1
2,4,2,3,1,56,3,11,12,11,0,56,4,11,12,11,1
2,4,2,4,1,53,1,21,9,3,0,53,1,21,8,3,1
2,4,2,5,1,65,1,8,4,11,0,65,1,7,4,11,1
2,4,2,6,1,65,1,7,2,11,0,65,1,6,2,11,1
2,4,3,0,1,65,3,13,1,3,1,65,3,10,0,3,0
2,4,3,1,1,65,10,1,5,3,1,65,9,1,4,3,0
2,4,3,2,1,67,4,13,1,3,0,67,3,13,1,3,1
2,4,3,3,1,67,3,14,1,11,0,67,4,13,1,11,1
2,4,3,4,1,6,12,7,58,5,0,6,11,7,58,5,1
2,4,3,5,1,10,66,1,4,13,0,10,65,1,5,13,1
2,4,3,6,1,68,2,6,1,11,1,67,3,13,0,11,0
2,4,4,0,1,65,1,14,5,11,0,65,1,13,4,11,1
2,4,4,1,1,65,1,10,5,11,1,65,1,8,4,11,0
2,4,4,2,1,1,21,53,9,13,0,1,21,53,8,13,1
2,4,4,3,1,6,58,12,7,5,0,6,58,11,7,5,1
2,4,4,4,1,4,18,1,49,13,0,3,18,1,49,13,1
2,4,4,5,1,11,70,3,1,13,0,11,67,4,2,13,1
2,4,4,6,1,72,5,1,1,11,1,71,6,1,0,11,0
2,4,5,0,1,65,1,9,6,11,0,65,1,6,4,11,1
2,4,5,1,1,68,2,7,6,11,0,68,2,6,5,11,1
2,4,5,2,1,65,1,4,8,11,0,65,1,4,7,11,1
2,4,5,3,1,10,66,4,1,13,0,10,65,5,1,13,1
2,4,5,4,1,11,70,1,3,13,0,11,67,2,4,13,1
2,4,5,5,1,14,65,4,2,13,0,13,65,4,2,13,1
2,4,5,6,1,73,5,1,1,11,1,72,6,1,0,11,0
2,4,6,0,1,69,3,5,4,11,1,68,4,6,6,11,0
2,4,6,1,1,73,5,2,1,11,1,72,8,1,2,11,0
2,4,6,2,1,65,1,2,7,11,0,65,1,2,6,11,1
2,4,6,3,1,68,2,1,6,11,1,67,3,0,13,11,0
2,4,6,4,1,72,5,1,1,11,1,71,6,0,1,11,0
2,4,6,5,1,73,5,1,1,11,1,72,6,0,1,11,0
2,4,6,6,1,76,7,1,1,11,1,74,9,0,0,11,0
2,5,0,0,1,69,5,1,1,11,0,69,5,0,0,11,1
2,5,0,1,1,73,8,1,2,11,0,74,6,0,1,11,1
2,5,0,2,1,70,6,1,4,11,0,70,5,0,3,11,1
2,5,0,3,1,66,2,1,12,11,0,66,2,0,9,11,1
2,5,0,4,1,66,1,4,12,11,0,66,1,3,10,11,1
2,5,0,5,1,66,1,4,6,11,0,66,1,3,5,11,1
2,5,0,6,1,70,2,4,5,11,1,69,2,6,6,11,0
2,5,1,0,1,73,8,2,1,11,0,74,6,1,0,11,1
2,5,1,1,1,14,18,22,21,3,0,14,17,22,20,3,1
2,5,1,2,1,15,12,22,28,3,0,15,11,22,27,3,1
2,5,1,3,1,33,49,1,2,5,1,32,49,1,3,5,0
2,5,1,4,1,66,1,6,12,11,0,66,1,4,9,11,1
2,5,1,5,1,70,2,6,7,11,0,70,2,5,6,11,1
2,5,1,6,1,66,1,6,4,11,0,66,1,4,3,11,1
2,5,2,0,1,70,6,4,1,11,0,70,5,3,0,11,1
2,5,2,1,1,60,6,12,3,3,1,60,6,12,2,3,0
2,5,2,2,1,42,28,9,5,12,0,42,28,8,5,12,1
2,5,2,3,1,41,22,4,1,12,0,41,22,3,1,12,1
2,5,2,4,1,29,47,3,1,5,1,29,47,2,1,5,0
2,5,2,5,1,66,1,12,6,11,0,66,1,9,5,11,1
2,5,2,6,1,66,1,12,4,11,0,66,1,11,4,11,1
2,5,3,0,1,66,2,12,1,11,0,66,2,9,0,11,1
2,5,3,1,1,33,49,2,1,5,1,32,49,3,1,5,0
2,5,3,2,1,41,22,1,4,12,0,41,22,1,3,12,1
2,5,3,3,1,71,4,8,1,11,1,70,3,11,1,11,0
2,5,3,4,1,4,65,12,2,14,0,4,65,13,3,14,1
2,5,3,5,1,12,69,3,1,6,1,12,68,3,2,6,0
2,5,3,6,1,70,2,5,0,11,0,70,2,3,1,11,1
2,5,4,0,1,66,1,12,4,11,0,66,1,10,3,11,1
2,5,4,1,1,66,1,12,6,11,0,66,1,9,4,11,1
2,5,4,2,1,29,47,1,3,5,1,29,47,1,2,5,0
2,5,4,3,1,4,65,2,12,14,0,4,65,3,13,14,1
2,5,4,4,1,11,1,70,3,13,0,11,2,67,4,13,1
2,5,4,5,1,11,67,2,1,6,1,11,66,3,2,6,0
2,5,4,6,1,73,4,1,0,11,0,73,3,1,1,11,1
2,5,5,0,1,66,1,6,4,11,0,66,1,5,3,11,1
2,5,5,1,1,70,2,7,6,11,0,70,2,6,5,11,1
2,5,5,2,1,66,1,6,12,11,0,66,1,5,9,11,1
2,5,5,3,1,12,69,1,3,6,1,12,68,2,3,6,0
2,5,5,4,1,11,67,1,2,6,1,11,66,2,3,6,0
2,5,5,5,1,13,66,3,1,6,1,13,65,4,2,6,0
2,5,5,6,1,78,6,1,0,11,0,78,5,1,1,11,1
2,5,6,0,1,70,2,5,4,11,1,69,2,6,6,11,0
2,5,6,1,1,66,1,4,6,11,0,66,1,3,4,11,1
2,5,6,2,1,66,1,4,12,11,0,66,1,4,11,11,1
2,5,6,3,1,70,2,0,5,11,0,70,2,1,3,11,1
2,5,6,4,1,73,4,0,1,11,0,73,3,1,1,11,1
2,5,6,5,1,78,6,0,1,11,0,78,5,1,1,11,1
2,5,6,6,1,33,44,2,1,13,1,33,44,0,0,13,0
2,6,0,0,1,77,6,1,1,11,0,77,6,0,0,11,1
2,6,0,1,1,77,5,0,1,3,0,75,5,1,1,3,1
2,6,0,2,1,77,5,0,1,11,1,74,5,1,2,11,0
2,6,0,3,1,72,3,0,2,11,1,71,3,1,10,11,0
2,6,0,4,1,66,1,5,13,11,0,66,1,3,9,11,1
2,6,0,5,1,66,1,7,9,11,0,66,1,2,3,11,1
2,6,0,6,1,70,3,6,5,11,0,70,3,5,4,11,1
2,6,1,0,1,77,5,1,0,3,0,75,5,1,1,3,1
2,6,1,1,1,15,15,22,25,3,0,15,14,22,24,3,1
2,6,1,2,1,14,10,22,34,3,0,14,9,22,33,3,1
2,6,1,3,1,71,3,1,9,11,1,70,3,2,10,11,0
2,6,1,4,1,66,1,5,9,11,0,66,1,3,6,11,1
2,6,1,5,1,71,3,5,3,11,0,71,3,3,2,11,1
2,6,1,6,1,66,1,7,4,11,0,66,1,3,2,11,1
2,6,2,0,1,77,5,1,0,11,1,74,5,2,1,11,0
2,6,2,1,1,59,4,10,3,3,0,59,3,10,3,3,1
2,6,2,2,1,53,1,13,2,3,1,53,1,13,1,3,0
2,6,2,3,1,69,2,3,11,11,0,69,2,1,5,11,1
2,6,2,4,1,69,2,5,3,11,0,69,2,3,2,11,1
2,6,2,5,1,66,1,8,3,11,0,66,1,2,1,11,1
2,6,2,6,1,66,1,8,1,11,0,66,1,3,1,11,1
2,6,3,0,1,72,3,2,0,11,1,71,3,10,1,11,0
2,6,3,1,1,71,3,9,1,11,1,70,3,10,2,11,0
2,6,3,2,1,69,2,11,3,11,0,69,2,5,1,11,1
2,6,3,3,1,66,1,2,12,3,0,66,0,2,9,3,1
2,6,3,4,1,67,1,9,1,3,0,67,0,10,2,3,1
2,6,3,5,1,71,1,4,2,3,0,71,0,10,3,3,1
2,6,3,6,1,69,0,7,1,3,1,69,1,1,1,3,0
2,6,4,0,1,66,1,13,5,11,0,66,1,9,3,11,1
2,6,4,1,1,66,1,9,5,11,0,66,1,6,3,11,1
2,6,4,2,1,69,2,3,5,11,0,69,2,2,3,11,1
2,6,4,3,1,67,1,1,9,3,0,67,0,2,10,3,1
2,6,4,4,1,70,1,1,3,3,0,70,0,1,5,3,1
2,6,4,5,1,70,1,2,1,3,0,70,0,4,1,3,1
2,6,4,6,1,70,1,2,0,3,1,70,1,1,1,3,0
2,6,5,0,1,66,1,9,7,11,0,66,1,3,2,11,1
2,6,5,1,1,71,3,3,5,11,0,71,3,2,3,11,1
2,6,5,2,1,66,1,3,8,11,0,66,1,1,2,11,1
2,6,5,3,1,71,1,2,4,3,0,71,0,3,10,3,1
2,6,5,4,1,70,1,1,2,3,0,70,0,1,4,3,1
2,6,5,5,1,74,0,4,1,3,1,74,1,3,1,3,0
2,6,5,6,1,75,1,4,0,3,1,75,1,3,1,3,0
2,6,6,0,1,70,3,5,6,11,0,70,3,4,5,11,1
2,6,6,1,1,66,1,4,7,11,0,66,1,2,3,11,1
2,6,6,2,1,66,1,1,8,11,0,66,1,1,3,11,1
2,6,6,3,1,69,0,1,7,3,1,69,1,1,1,3,0
2,6,6,4,1,70,1,0,2,3,1,70,1,1,1,3,0
2,6,6,5,1,75,1,0,4,3,1,75,1,1,3,3,0
2,6,6,6,1,72,1,1,1,3,0,72,1,0,0,3,1
3,0,0,0,1,38,30,3,10,2,1,38,30,2,10,2,0
3,0,0,1,1,18,19,1,2,3,1,18,19,0,3,3,0
3,0,0,2,1,19,15,0,18,3,0,19,15,1,17,3,1
3,0,0,3,1,15,19,3,34,3,1,15,19,2,36,3,0
3,0,0,4,1,14,22,9,30,3,0,14,22,9,29,3,1
3,0,0,5,1,16,22,15,24,3,0,16,22,15,23,3,1
3,0,0,6,1,15,22,7,8,3,0,15,22,7,6,3,1
3,0,1,0,1,18,19,2,1,3,1,18,19,3,0,3,0
3,0,1,1,1,33,32,15,1,2,0,33,32,14,2,2,1
3,0,1,2,1,48,0,29,4,3,0,47,1,29,4,3,1
3,0,1,3,1,17,16,9,38,3,1,17,16,8,41,3,0
3,0,1,4,1,14,22,15,33,3,0,14,22,15,32,3,1
3,0,1,5,1,17,22,21,23,3,0,17,22,20,21,3,1
3,0,1,6,1,15,23,19,14,3,1,15,23,20,15,3,0
3,0,2,0,1,19,15,18,0,3,0,19,15,17,1,3,1
3,0,2,1,1,12,0,52,4,11,1,12,1,52,5,11,0
3,0,2,2,1,13,1,52,10,3,1,13,0,52,9,3,0
3,0,2,3,1,16,17,13,34,3,0,16,17,14,33,3,1
3,0,2,4,1,15,22,16,18,3,1,15,22,16,19,3,0
3,0,2,5,1,14,24,24,16,3,0,14,24,23,15,3,1
3,0,2,6,1,14,22,34,12,3,1,14,22,35,13,3,0
3,0,3,0,1,15,19,34,3,3,1,15,19,36,2,3,0
3,0,3,1,1,17,16,38,9,3,1,17,16,41,8,3,0
3,0,3,2,1,16,17,34,13,3,0,16,17,33,14,3,1
3,0,3,3,0,0,0,0,0,0,0,0,0,0,0,0,0
3,0,3,4,1,15,22,35,3,3,0,15,22,33,2,3,1
3,0,3,5,1,14,22,38,2,3,0,14,22,35,1,3,1
3,0,3,6,1,15,22,44,1,3,0,15,22,40,0,3,1
3,0,4,0,1,14,22,30,9,3,0,14,22,29,9,3,1
3,0,4,1,1,14,22,33,15,3,0,14,22,32,15,3,1
3,0,4,2,1,15,22,18,16,3,1,15,22,19,16,3,0
3,0,4,3,1,15,22,3,35,3,0,15,22,2,33,3,1
3,0,4,4,1,28,45,1,5,2,1,37,44,1,3,2,0
3,0,4,5,1,28,45,4,1,2,1,37,44,2,1,2,0
3,0,4,6,1,30,45,4,1,2,0,30,45,4,0,2,1
3,0,5,0,1,16,22,24,15,3,0,16,22,23,15,3,1
3,0,5,1,1,17,22,23,21,3,0,17,22,21,20,3,1
3,0,5,2,1,14,24,16,24,3,0,14,24,15,23,3,1
3,0,5,3,1,14,22,2,38,3,0,14,22,1,35,3,1
3,0,5,4,1,28,45,1,4,2,1,37,44,1,2,2,0
3,0,5,5,1,41,1,27,6,13,0,41,0,27,6,13,1
3,0,5,6,1,28,45,3,0,2,1,39,44,1,1,2,0
3,0,6,0,1,15,22,8,7,3,0,15,22,6,7,3,1
3,0,6,1,1,15,23,14,19,3,1,15,23,15,20,3,0
3,0,6,2,1,14,22,12,34,3,1,14,22,13,35,3,0
3,0,6,3,1,15,22,1,44,3,0,15,22,0,40,3,1
3,0,6,4,1,30,45,1,4,2,0,30,45,0,4,2,1
3,0,6,5,1,28,45,0,3,2,1,39,44,1,1,2,0
3,0,6,6,1,16,23,1,1,3,0,16,23,0,0,3,1
3,1,0,0,1,44,23,3,3,3,1,44,23,2,2,3,0
3,1,0,1,1,47,27,0,5,3,0,46,27,1,4,3,1
3,1,0,2,1,48,29,0,4,3,0,47,29,1,4,3,1
3,1,0,3,1,47,27,4,4,3,1,47,27,3,4,3,0
3,1,0,4,1,47,29,3,2,3,1,49,28,3,3,3,0
3,1,0,5,1,50,33,0,1,3,0,49,33,1,2,3,1
3,1,0,6,1,47,27,4,1,3,0,46,27,5,0,3,1
3,1,1,0,1,47,27,5,0,3,0,46,27,4,1,3,1
3,1,1,1,1,43,5,3,25,3,1,53,5,2,25,3,0
3,1,1,2,1,48,27,2,5,3,0,47,27,3,5,3,1
3,1,1,3,1,50,29,2,4,11,1,49,29,3,4,11,0
3,1,1,4,1,46,33,1,4,3,0,45,33,1,3,3,1
3,1,1,5,1,43,26,9,3,11,0,43,26,9,4,11,1
3,1,1,6,1,51,30,3,1,3,0,50,30,3,0,3,1
3,1,2,0,1,48,29,4,0,3,0,47,29,4,1,3,1
3,1,2,1,1,48,27,5,2,3,0,47,27,5,3,3,1
3,1,2,2,1,50,29,4,2,3,0,49,29,4,3,3,1
3,1,2,3,1,42,31,2,3,3,1,47,30,3,5,3,0
3,1,2,4,1,50,30,4,1,11,1,48,30,5,1,11,0
3,1,2,5,1,45,31,3,1,3,0,44,31,4,1,3,1
3,1,2,6,1,50,33,1,1,3,0,49,33,2,1,3,1
3,1,3,0,1,47,27,4,4,3,1,47,27,4,3,3,0
3,1,3,1,1,50,29,4,2,11,1,49,29,4,3,11,0
3,1,3,2,1,42,31,3,2,3,1,47,30,5,3,3,0
3,1,3,3,1,43,32,2,1,11,0,48,32,2,1,3,0
3,1,3,4,1,2,21,4,42,12,1,2,20,4,40,12,0
3,1,3,5,1,8,35,37,4,11,1,8,35,36,3,11,0
3,1,3,6,1,6,67,1,2,2,0,15,66,3,1,2,1
3,1,4,0,1,47,29,2,3,3,1,49,28,3,3,3,0
3,1,4,1,1,46,33,4,1,3,0,45,33,3,1,3,1
3,1,4,2,1,50,30,1,4,11,1,48,30,1,5,11,0
3,1,4,3,1,13,1,66,3,13,1,12,2,68,3,13,0
3,1,4,4,1,1,4,63,9,5,0,1,4,63,8,5,1
3,1,4,5,1,13,1,61,2,5,1,13,1,60,3,5,0
3,1,4,6,1,46,34,2,1,3,0,45,34,2,0,3,1
3,1,5,0,1,50,33,1,0,3,0,49,33,2,1,3,1
3,1,5,1,1,43,26,3,9,11,0,43,26,4,9,11,1
3,1,5,2,1,45,31,1,3,3,0,44,31,1,4,3,1
3,1,5,3,1,8,35,4,37,11,1,8,35,3,36,11,0
3,1,5,4,1,33,3,32,6,5,0,33,2,32,4,5,1
3,1,5,5,1,10,69,3,2,10,1,12,68,3,1,10,0
3,1,5,6,1,8,68,1,2,2,0,13,67,2,0,2,1
3,1,6,0,1,47,27,1,4,3,0,46,27,0,5,3,1
3,1,6,1,1,51,30,1,3,3,0,50,30,0,3,3,1
3,1,6,2,1,50,33,1,1,3,0,49,33,1,2,3,1
3,1,6,3,1,6,67,2,1,2,0,15,66,1,3,2,1
3,1,6,4,1,46,34,1,2,3,0,45,34,0,2,3,1
3,1,6,5,1,8,68,2,1,2,0,13,67,0,2,2,1
3,1,6,6,1,58,2,22,0,13,0,57,2,22,1,13,1
3,2,0,0,1,13,52,1,1,3,0,13,52,2,2,3,1
3,2,0,1,1,12,52,0,4,11,1,12,52,1,5,11,0
3,2,0,2,1,13,52,1,10,3,1,13,52,0,9,3,0
3,2,0,3,1,13,57,3,3,3,1,13,57,2,3,3,0
3,2,0,4,1,1,65,4,13,3,0,1,65,4,12,3,1
3,2,0,5,1,14,65,2,4,3,0,12,65,2,3,3,1
3,2,0,6,1,13,65,4,3,3,1,2,66,0,1,3,0
3,2,1,0,1,12,52,4,0,11,1,12,52,5,1,11,0
3,2,1,1,1,48,5,27,2,3,0,47,5,27,3,3,1
3,2,1,2,1,13,52,1,11,3,1,13,52,1,10,3,0
3,2,1,3,1,42,2,31,3,3,1,47,3,30,5,3,0
3,2,1,4,1,1,65,5,11,3,0,1,65,4,8,3,1
3,2,1,5,1,9,66,3,4,3,1,8,66,2,4,3,0
3,2,1,6,1,15,65,3,2,3,1,13,65,2,2,3,0
3,2,2,0,1,13,52,10,1,3,1,13,52,9,0,3,0
3,2,2,1,1,13,52,11,1,3,1,13,52,10,1,3,0
3,2,2,2,1,13,59,5,1,3,1,13,59,4,1,3,0
3,2,2,3,1,14,60,5,1,3,1,14,60,4,1,3,0
3,2,2,4,1,13,67,1,4,3,0,13,67,1,3,3,1
3,2,2,5,1,1,65,9,5,3,0,1,65,8,4,3,1
3,2,2,6,1,1,65,14,5,3,1,1,65,11,4,3,0
3,2,3,0,1,13,57,3,3,3,1,13,57,3,2,3,0
3,2,3,1,1,3,2,42,31,3,1,5,3,47,30,3,0
3,2,3,2,1,14,60,1,5,3,1,14,60,1,4,3,0
3,2,3,3,0,0,0,0,0,0,0,0,0,0,0,0,0
3,2,3,4,1,14,67,1,3,11,0,13,67,1,4,11,1
3,2,3,5,1,8,71,1,4,11,1,11,70,1,3,11,0
3,2,3,6,1,2,66,12,1,3,0,2,66,9,0,3,1
3,2,4,0,1,1,65,13,4,3,0,1,65,12,4,3,1
3,2,4,1,1,1,65,11,5,3,0,1,65,8,4,3,1
3,2,4,2,1,13,67,4,1,3,0,13,67,3,1,3,1
3,2,4,3,1,14,67,3,1,11,0,13,67,4,1,11,1
3,2,4,4,1,7,6,58,12,5,0,7,6,58,11,5,1
3,2,4,5,1,1,12,63,6,5,1,1,11,63,6,5,0
3,2,4,6,1,10,67,2,0,3,1,10,67,1,1,3,0
3,2,5,0,1,14,65,4,2,3,0,12,65,3,2,3,1
3,2,5,1,1,9,66,4,3,3,1,8,66,4,2,3,0
3,2,5,2,1,1,65,5,9,3,0,1,65,4,8,3,1
3,2,5,3,1,8,71,4,1,11,1,11,70,3,1,11,0
3,2,5,4,1,14,1,62,5,14,1,14,1,62,4,14,0
3,2,5,5,1,47,4,33,1,13,0,46,3,33,1,13,1
3,2,5,6,1,8,72,1,2,3,0,13,70,2,0,3,1
3,2,6,0,1,13,65,3,4,3,1,2,66,1,0,3,0
3,2,6,1,1,15,65,2,3,3,1,13,65,2,2,3,0
3,2,6,2,1,1,65,5,14,3,1,1,65,4,11,3,0
3,2,6,3,1,2,66,1,12,3,0,2,66,0,9,3,1
3,2,6,4,1,10,67,0,2,3,1,10,67,1,1,3,0
3,2,6,5,1,8,72,2,1,3,0,13,70,0,2,3,1
3,2,6,6,1,11,68,0,0,3,1,5,69,1,1,3,0
3,3,0,0,1,15,34,19,3,3,1,15,36,19,2,3,0
3,3,0,1,1,17,38,16,9,3,1,17,41,16,8,3,0
3,3,0,2,1,16,34,17,13,3,0,16,33,17,14,3,1
3,3,0,3,0,0,0,0,0,0,0,0,0,0,0,0,0
3,3,0,4,1,4,7,16,49,12,1,4,7,16,48,12,0
3,3,0,5,1,24,44,4,8,12,1,24,44,5,7,12,0
3,3,0,6,1,15,44,22,1,3,0,15,40,22,0,3,1
3,3,1,0,1,47,4,27,4,3,1,47,4,27,3,3,0
3,3,1,1,1,50,4,29,2,11,1,49,4,29,3,11,0
3,3,1,2,1,42,3,31,2,3,1,47,5,30,3,3,0
3,3,1,3,1,43,2,32,1,11,0,48,2,32,1,3,0
3,3,1,4,1,2,4,21,42,12,1,2,4,20,40,12,0
3,3,1,5,1,8,37,35,4,11,1,8,36,35,3,11,0
3,3,1,6,1,5,8,41,27,12,0,5,8,40,27,12,1
3,3,2,0,1,13,3,57,3,3,1,13,3,57,2,3,0
3,3,2,1,1,3,42,2,31,3,1,5,47,3,30,3,0
3,3,2,2,1,14,1,60,5,3,1,14,1,60,4,3,0
3,3,2,3,0,0,0,0,0,0,0,0,0,0,0,0,0
3,3,2,4,1,14,1,67,3,11,0,13,1,67,4,11,1
3,3,2,5,1,3,5,46,23,12,0,3,5,44,22,12,1
3,3,2,6,1,2,4,48,16,12,0,2,4,45,15,12,1
3,3,3,0,0,0,0,0,0,0,0,0,0,0,0,0,0
3,3,3,1,1,1,43,2,32,11,0,1,48,2,32,3,0
3,3,3,2,0,0,0,0,0,0,0,0,0,0,0,0,0
3,3,3,3,0,0,0,0,0,0,0,0,0,0,0,0,0
3,3,3,4,0,0,0,0,0,0,0,0,0,0,0,0,0
3,3,3,5,1,1,43,1022,992,11,0,1,48,1022,992,3,0
3,3,3,6,0,0,0,0,0,0,0,0,0,0,0,0,0
3,3,4,0,1,4,7,49,16,12,1,4,7,48,16,12,0
3,3,4,1,1,2,4,42,21,12,1,2,4,40,20,12,0
3,3,4,2,1,12,1,67,4,5,1,12,1,67,3,5,0
3,3,4,3,0,0,0,0,0,0,0,0,0,0,0,0,0
3,3,4,4,1,13,1,59,4,5,1,13,1,59,5,5,0
3,3,4,5,1,14,2,63,1,13,1,14,3,62,1,13,0
3,3,4,6,1,9,12,57,3,5,0,9,12,57,2,5,1
3,3,5,0,1,24,44,8,4,12,1,24,44,7,5,12,0
3,3,5,1,1,8,37,35,4,5,1,8,36,35,3,5,0
3,3,5,2,1,3,5,23,46,12,0,3,5,22,44,12,1
3,3,5,3,1,43,2,992,1023,11,0,48,2,992,1023,3,0
3,3,5,4,1,2,14,1,63,13,1,3,14,1,62,13,0
3,3,5,5,1,12,2,63,1,14,0,12,3,62,2,14,1
3,3,5,6,1,39,3,26,4,13,1,39,3,26,3,13,0
3,3,6,0,1,57,4,22,1,13,0,55,3,22,0,13,1
3,3,6,1,1,5,8,27,41,12,0,5,8,27,40,12,1
3,3,6,2,1,2,4,16,48,12,0,2,4,15,45,12,1
3,3,6,3,0,0,0,0,0,0,0,0,0,0,0,0,0
3,3,6,4,1,60,1,20,4,13,0,59,1,20,5,13,1
3,3,6,5,1,49,9,18,5,13,1,49,9,18,4,13,0
3,3,6,6,1,55,4,18,4,13,1,55,4,18,3,13,0
3,4,0,0,1,5,69,1,1,13,0,5,69,0,0,13,1
3,4,0,1,1,10,66,0,1,13,1,9,72,2,1,13,0
3,4,0,2,1,9,70,1,4,13,0,9,68,0,3,13,1
3,4,0,3,1,2,66,1,12,13,0,2,66,0,9,13,1
3,4,0,4,1,1,63,4,13,5,0,1,63,4,12,5,1
3,4,0,5,1,4,61,4,7,5,1,4,61,3,6,5,0
3,4,0,6,1,6,58,6,6,5,1,6,58,5,7,5,0
3,4,1,0,1,10,66,1,0,13,1,9,72,1,2,13,0
3,4,1,1,1,46,4,33,1,3,0,45,3,33,1,3,1
3,4,1,2,1,9,69,1,3,5,0,9,71,2,3,5,1
3,4,1,3,1,13,66,1,3,13,1,12,68,2,3,13,0
3,4,1,4,1,1,63,4,9,5,0,1,63,4,8,5,1
3,4,1,5,1,13,61,1,2,5,1,13,60,1,3,5,0
3,4,1,6,1,2,62,11,8,5,0,2,62,10,7,5,1
3,4,2,0,1,9,70,4,1,13,0,9,68,3,0,13,1
3,4,2,1,1,9,69,3,1,5,0,9,71,3,2,5,1
3,4,2,2,1,13,4,67,1,3,0,13,3,67,1,3,1
3,4,2,3,1,12,67,4,1,5,1,12,67,3,1,5,0
3,4,2,4,1,7,58,6,12,5,0,7,58,6,11,5,1
3,4,2,5,1,1,63,12,6,5,1,1,63,11,6,5,0
3,4,2,6,1,1,63,14,5,5,1,1,63,11,4,5,0
3,4,3,0,1,2,66,12,1,13,0,2,66,9,0,13,1
3,4,3,1,1,13,66,3,1,13,1,12,68,3,2,13,0
3,4,3,2,1,12,67,1,4,5,1,12,67,1,3,5,0
3,4,3,3,0,0,0,0,0,0,0,0,0,0,0,0,0
3,4,3,4,1,13,59,1,4,5,1,13,59,1,5,5,0
3,4,3,5,1,14,63,2,1,13,1,14,62,3,1,13,0
3,4,3,6,1,9,57,12,3,5,0,9,57,12,2,5,1
3,4,4,0,1,1,63,13,4,5,0,1,63,12,4,5,1
3,4,4,1,1,1,63,9,4,5,0,1,63,8,4,5,1
3,4,4,2,1,7,58,12,6,5,0,7,58,11,6,5,1
3,4,4,3,1,13,59,4,1,5,1,13,59,5,1,5,0
3,4,4,4,1,11,54,1,9,5,0,11,54,1,8,5,1
3,4,4,5,1,11,54,8,1,13,0,11,54,9,1,13,1
3,4,4,6,1,9,58,3,1,5,0,9,58,3,0,5,1
3,4,5,0,1,4,61,7,4,5,1,4,61,6,3,5,0
3,4,5,1,1,13,61,2,1,5,1,13,60,3,1,5,0
3,4,5,2,1,1,63,6,12,5,1,1,63,6,11,5,0
3,4,5,3,1,14,63,1,2,13,1,14,62,1,3,13,0
3,4,5,4,1,11,54,1,8,13,0,11,54,1,9,13,1
3,4,5,5,1,42,18,22,1,5,0,42,17,22,1,5,1
3,4,5,6,1,12,52,5,1,5,0,12,52,4,0,5,1
3,4,6,0,1,6,58,6,6,5,1,6,58,7,5,5,0
3,4,6,1,1,2,62,8,11,5,0,2,62,7,10,5,1
3,4,6,2,1,1,63,5,14,5,1,1,63,4,11,5,0
3,4,6,3,1,9,57,3,12,5,0,9,57,2,12,5,1
3,4,6,4,1,9,58,1,3,5,0,9,58,0,3,5,1
3,4,6,5,1,12,52,1,5,5,0,12,52,0,4,5,1
3,4,6,6,1,5,59,1,1,5,0,5,59,0,0,5,1
3,5,0,0,1,16,24,22,15,3,0,16,23,22,15,3,1
3,5,0,1,1,41,34,1,1,5,1,41,33,0,1,5,0
3,5,0,2,1,42,33,0,1,13,1,41,34,1,2,13,0
3,5,0,3,1,35,33,1,16,5,1,35,33,0,15,5,0
3,5,0,4,1,43,30,1,6,13,0,43,30,0,5,13,1
3,5,0,5,1,41,27,1,6,13,0,41,27,0,6,13,1
3,5,0,6,1,39,26,0,4,13,1,48,33,2,1,13,0
3,5,1,0,1,41,34,1,1,5,1,41,33,1,0,5,0
3,5,1,1,1,11,69,3,2,6,1,11,67,2,1,6,0
3,5,1,2,1,11,68,2,4,14,0,11,66,1,2,14,1
3,5,1,3,1,8,35,4,37,5,1,8,35,3,36,5,0
3,5,1,4,1,33,32,3,6,5,0,33,32,2,4,5,1
3,5,1,5,1,43,26,4,9,5,1,43,26,3,9,5,0
3,5,1,6,1,45,35,5,0,13,0,45,35,4,1,13,1
3,5,2,0,1,42,33,1,0,13,1,41,34,2,1,13,0
3,5,2,1,1,11,68,4,2,14,0,11,66,2,1,14,1
3,5,2,2,1,1,5,65,9,3,0,1,4,65,8,3,1
3,5,2,3,1,8,35,7,32,5,1,8,35,6,31,5,0
3,5,2,4,1,14,62,1,5,14,1,14,62,1,4,14,0
3,5,2,5,1,47,33,4,1,13,0,46,33,3,1,13,1
3,5,2,6,1,47,33,5,0,13,0,46,33,4,1,13,1
3,5,3,0,1,35,33,16,1,5,1,35,33,15,0,5,0
3,5,3,1,1,8,35,37,4,5,1,8,35,36,3,5,0
3,5,3,2,1,8,35,32,7,5,1,8,35,31,6,5,0
3,5,3,3,0,0,0,0,0,0,0,0,0,0,0,0,0
3,5,3,4,1,2,1,14,63,13,1,3,1,14,62,13,0
3,5,3,5,1,12,63,2,1,14,0,12,62,3,2,14,1
3,5,3,6,1,39,26,3,4,13,1,39,26,3,3,13,0
3,5,4,0,1,43,30,6,1,13,0,43,30,5,0,13,1
3,5,4,1,1,33,32,6,3,5,0,33,32,4,2,5,1
3,5,4,2,1,14,62,5,1,14,1,14,62,4,1,14,0
3,5,4,3,1,14,1,63,2,13,1,14,1,62,3,13,0
3,5,4,4,1,50,29,4,2,13,0,49,29,4,3,13,1
3,5,4,5,1,42,22,18,1,5,0,42,22,17,1,5,1
3,5,4,6,1,39,26,9,1,5,0,39,26,9,0,5,1
3,5,5,0,1,41,27,6,1,13,0,41,27,6,0,13,1
3,5,5,1,1,43,26,9,4,5,1,43,26,9,3,5,0
3,5,5,2,1,47,33,1,4,13,0,46,33,1,3,13,1
3,5,5,3,1,12,63,1,2,14,0,12,62,2,3,14,1
3,5,5,4,1,42,22,1,18,5,0,42,22,1,17,5,1
3,5,5,5,1,51,11,3,18,5,0,54,11,2,18,5,1
3,5,5,6,1,42,27,4,1,13,1,42,27,4,0,13,0
3,5,6,0,1,39,26,4,0,13,1,48,33,1,2,13,0
3,5,6,1,1,45,35,0,5,13,0,45,35,1,4,13,1
3,5,6,2,1,47,33,0,5,13,0,46,33,1,4,13,1
3,5,6,3,1,39,26,4,3,13,1,39,26,3,3,13,0
3,5,6,4,1,39,26,1,9,5,0,39,26,0,9,5,1
3,5,6,5,1,42,27,1,4,13,1,42,27,0,4,13,0
3,5,6,6,1,39,26,1,3,13,1,39,26,1,2,13,0
3,6,0,0,1,59,24,1,1,13,1,59,23,1,1,13,0
3,6,0,1,1,49,24,2,1,5,1,49,24,1,2,5,0
3,6,0,2,1,58,23,1,3,13,0,57,23,0,3,13,1
3,6,0,3,1,57,22,1,4,13,0,55,22,0,3,13,1
3,6,0,4,1,49,16,1,19,13,1,49,16,1,18,13,0
3,6,0,5,1,51,17,1,8,13,0,51,17,0,7,13,1
3,6,0,6,1,58,22,3,2,13,0,57,22,3,3,13,1
3,6,1,0,1,49,24,1,2,5,1,49,24,2,1,5,0
3,6,1,1,1,51,1,30,3,3,0,50,0,30,3,3,1
3,6,1,2,1,28,26,1,13,13,0,28,26,1,12,13,1
3,6,1,3,1,30,31,15,3,13,0,30,31,14,1,13,1
3,6,1,4,1,61,21,1,2,5,1,59,21,1,3,5,0
3,6,1,5,1,46,22,3,2,13,1,46,22,2,1,13,0
3,6,1,6,1,58,22,2,0,13,0,57,22,2,1,13,1
3,6,2,0,1,58,23,3,1,13,0,57,23,3,0,13,1
3,6,2,1,1,28,26,13,1,13,0,28,26,12,1,13,1
3,6,2,2,1,1,5,65,14,3,1,1,4,65,11,3,0
3,6,2,3,1,44,22,3,12,13,0,44,22,2,12,13,1
3,6,2,4,1,57,22,4,1,13,0,56,22,3,1,13,1
3,6,2,5,1,52,14,2,12,13,1,52,14,3,12,13,0
3,6,2,6,1,56,22,5,1,13,1,57,22,4,0,13,0
3,6,3,0,1,57,22,4,1,13,0,55,22,3,0,13,1
3,6,3,1,1,30,31,3,15,13,0,30,31,1,14,13,1
3,6,3,2,1,44,22,12,3,13,0,44,22,12,2,13,1
3,6,3,3,0,0,0,0,0,0,0,0,0,0,0,0,0
3,6,3,4,1,60,20,1,4,13,0,59,20,1,5,13,1
3,6,3,5,1,49,18,9,5,13,1,49,18,9,4,13,0
3,6,3,6,1,55,18,4,4,13,1,55,18,4,3,13,0
3,6,4,0,1,49,16,19,1,13,1,49,16,18,1,13,0
3,6,4,1,1,61,21,2,1,5,1,59,21,3,1,5,0
3,6,4,2,1,57,22,1,4,13,0,56,22,1,3,13,1
3,6,4,3,1,60,20,4,1,13,0,59,20,5,1,13,1
3,6,4,4,1,49,15,2,16,5,1,49,15,3,16,5,0
3,6,4,5,1,61,20,2,1,5,0,60,19,4,1,5,1
3,6,4,6,1,49,16,14,1,13,1,49,16,16,0,13,0
3,6,5,0,1,51,17,8,1,13,0,51,17,7,0,13,1
3,6,5,1,1,46,22,2,3,13,1,46,22,1,2,13,0
3,6,5,2,1,52,14,12,2,13,1,52,14,12,3,13,0
3,6,5,3,1,49,18,5,9,13,1,49,18,4,9,13,0
3,6,5,4,1,61,20,1,2,5,0,60,19,1,4,5,1
3,6,5,5,1,42,1,27,4,13,1,42,0,27,4,13,0
3,6,5,6,1,49,16,7,1,13,1,49,16,8,0,13,0
3,6,6,0,1,58,22,2,3,13,0,57,22,3,3,13,1
3,6,6,1,1,58,22,0,2,13,0,57,22,1,2,13,1
3,6,6,2,1,56,22,1,5,13,1,57,22,0,4,13,0
3,6,6,3,1,55,18,4,4,13,1,55,18,3,4,13,0
3,6,6,4,1,49,16,1,14,13,1,49,16,0,16,13,0
3,6,6,5,1,49,16,1,7,13,1,49,16,0,8,13,0
3,6,6,6,1,52,14,4,4,13,1,52,14,3,3,13,0
4,0,0,0,1,49,34,1,1,3,0,47,34,1,2,3,1
4,0,0,1,1,46,33,3,1,3,0,45,33,3,1,3,1
4,0,0,2,1,46,33,2,4,3,0,45,33,2,4,3,1
4,0,0,3,1,47,32,5,1,11,1,46,32,5,1,11,0
4,0,0,4,1,43,32,4,1,11,0,44,32,4,1,11,1
4,0,0,5,1,37,34,3,4,3,1,37,34,1,2,3,0
4,0,0,6,1,35,34,2,3,3,1,35,34,1,2,3,0
4,0,1,0,1,46,33,1,3,3,0,45,33,1,3,3,1
4,0,1,1,1,44,32,5,1,11,1,43,32,5,1,11,0
4,0,1,2,1,45,33,3,4,3,0,44,33,3,4,3,1
4,0,1,3,1,45,33,5,1,3,0,44,33,5,1,3,1
4,0,1,4,1,44,32,6,1,11,1,43,32,6,1,11,0
4,0,1,5,1,45,32,7,1,11,1,44,32,7,1,11,0
4,0,1,6,1,45,33,6,1,3,0,44,33,6,1,3,1
4,0,2,0,1,46,33,4,2,3,0,45,33,4,2,3,1
4,0,2,1,1,45,33,4,3,3,0,44,33,4,3,3,1
4,0,2,2,1,9,0,65,6,3,0,10,1,65,7,3,1
4,0,2,3,1,3,1,65,13,3,1,3,0,65,10,3,0
4,0,2,4,1,41,35,4,5,3,0,40,35,4,5,3,1
4,0,2,5,1,41,35,4,2,3,0,40,35,5,2,3,1
4,0,2,6,1,34,33,8,1,3,1,34,33,2,1,3,0
4,0,3,0,1,47,32,1,5,11,1,46,32,1,5,11,0
4,0,3,1,1,45,33,1,5,3,0,44,33,1,5,3,1
4,0,3,2,1,70,1,9,4,13,0,68,0,9,3,13,1
4,0,3,3,1,66,1,2,12,13,0,66,0,2,9,13,1
4,0,3,4,1,38,34,4,1,3,0,37,34,6,1,3,1
4,0,3,5,1,40,35,5,1,3,0,39,35,5,1,3,1
4,0,3,6,1,36,34,8,0,3,1,36,34,6,1,3,0
4,0,4,0,1,43,32,1,4,11,0,44,32,1,4,11,1
4,0,4,1,1,44,32,1,6,11,1,43,32,1,6,11,0
4,0,4,2,1,41,35,5,4,3,0,40,35,5,4,3,1
4,0,4,3,1,38,34,1,4,3,0,37,34,1,6,3,1
4,0,4,4,1,36,36,6,2,3,0,35,36,7,1,3,1
4,0,4,5,1,36,36,5,2,3,0,35,36,6,1,3,1
4,0,4,6,1,35,34,3,0,3,1,35,34,1,1,3,0
4,0,5,0,1,37,34,4,3,3,1,37,34,2,1,3,0
4,0,5,1,1,45,32,1,7,11,1,44,32,1,7,11,0
4,0,5,2,1,41,35,2,4,3,0,40,35,2,5,3,1
4,0,5,3,1,40,35,1,5,3,0,39,35,1,5,3,1
4,0,5,4,1,36,36,2,5,3,0,35,36,1,6,3,1
4,0,5,5,1,52,8,8,12,13,1,52,9,8,11,13,0
4,0,5,6,1,37,36,3,0,3,1,37,36,2,1,3,0
4,0,6,0,1,35,34,3,2,3,1,35,34,2,1,3,0
4,0,6,1,1,45,33,1,6,3,0,44,33,1,6,3,1
4,0,6,2,1,34,33,1,8,3,1,34,33,1,2,3,0
4,0,6,3,1,36,34,0,8,3,1,36,34,1,6,3,0
4,0,6,4,1,35,34,0,3,3,1,35,34,1,1,3,0
4,0,6,5,1,37,36,0,3,3,1,37,36,1,2,3,0
4,0,6,6,1,36,35,1,1,3,0,36,35,0,0,3,1
4,1,0,0,1,34,45,1,1,3,0,33,44,2,1,3,1
4,1,0,1,1,30,45,1,1,3,1,30,45,0,2,3,0
4,1,0,2,1,36,46,2,1,3,0,35,45,3,1,3,1
4,1,0,3,1,34,45,2,2,3,0,33,44,3,2,3,1
4,1,0,4,1,28,46,1,2,3,1,28,46,0,3,3,0
4,1,0,5,1,30,50,1,4,3,1,30,50,0,5,3,0
4,1,0,6,1,28,48,4,4,3,1,28,48,3,5,3,0
4,1,1,0,1,30,45,1,1,3,1,30,45,2,0,3,0
4,1,1,1,1,13,65,3,2,2,0,12,65,3,2,2,1
4,1,1,2,1,13,65,5,1,2,0,12,65,5,1,2,1
4,1,1,3,1,34,45,4,1,3,0,33,44,5,1,3,1
4,1,1,4,1,31,48,1,2,3,1,31,48,1,3,3,0
4,1,1,5,1,29,48,1,2,11,0,28,48,1,3,11,1
4,1,1,6,1,24,44,7,5,3,0,24,44,8,4,3,1
4,1,2,0,1,36,46,1,2,3,0,35,45,1,3,3,1
4,1,2,1,1,13,65,1,5,2,0,12,65,1,5,2,1
4,1,2,2,1,12,67,3,2,2,0,11,67,3,2,2,1
4,1,2,3,1,4,65,3,13,2,1,4,65,2,12,2,0
4,1,2,4,1,31,49,1,4,3,0,31,49,1,3,3,1
4,1,2,5,1,32,47,3,1,3,0,32,47,4,1,3,1
4,1,2,6,1,30,45,7,1,3,0,30,45,6,0,3,1
4,1,3,0,1,34,45,2,2,3,0,33,44,2,3,3,1
4,1,3,1,1,34,45,1,4,3,0,33,44,1,5,3,1
4,1,3,2,1,4,65,13,3,2,1,4,65,12,2,2,0
4,1,3,3,1,66,1,13,3,13,1,68,2,12,3,13,0
4,1,3,4,1,41,22,1,4,4,0,41,22,1,3,4,1
4,1,3,5,1,51,26,5,1,4,0,50,26,6,1,4,1
4,1,3,6,1,27,46,2,0,3,1,26,46,1,1,3,0
4,1,4,0,1,28,46,2,1,3,1,28,46,3,0,3,0
4,1,4,1,1,31,48,2,1,3,1,31,48,3,1,3,0
4,1,4,2,1,31,49,4,1,3,0,31,49,3,1,3,1
4,1,4,3,1,41,22,4,1,4,0,41,22,3,1,4,1
4,1,4,4,1,56,7,20,2,13,0,56,6,20,2,13,1
4,1,4,5,1,60,7,2,8,13,0,60,5,2,6,13,1
4,1,4,6,1,28,48,2,0,3,1,27,48,2,1,3,0
4,1,5,0,1,30,50,4,1,3,1,30,50,5,0,3,0
4,1,5,1,1,29,48,2,1,11,0,28,48,3,1,11,1
4,1,5,2,1,32,47,1,3,3,0,32,47,1,4,3,1
4,1,5,3,1,51,26,1,5,4,0,50,26,1,6,4,1
4,1,5,4,1,58,5,3,9,13,0,58,4,3,8,13,1
4,1,5,5,1,8,22,26,24,13,0,8,21,26,23,13,1
4,1,5,6,1,29,50,1,2,11,1,29,49,1,1,11,0
4,1,6,0,1,28,48,4,4,3,1,28,48,5,3,3,0
4,1,6,1,1,24,44,5,7,3,0,24,44,4,8,3,1
4,1,6,2,1,30,45,1,7,3,0,30,45,0,6,3,1
4,1,6,3,1,27,46,0,2,3,1,26,46,1,1,3,0
4,1,6,4,1,28,48,0,2,3,1,27,48,1,2,3,0
4,1,6,5,1,29,50,2,1,11,1,29,49,1,1,11,0
4,1,6,6,1,27,48,1,1,3,0,27,48,0,0,3,1
4,2,0,0,1,6,65,1,1,3,1,6,65,0,0,3,0
4,2,0,1,1,12,65,3,1,3,0,11,65,3,1,3,1
4,2,0,2,1,9,65,0,6,3,0,10,65,1,7,3,1
4,2,0,3,1,3,65,1,13,3,1,3,65,0,10,3,0
4,2,0,4,1,1,65,5,14,11,0,1,65,4,13,11,1
4,2,0,5,1,1,65,6,9,11,0,1,65,4,6,11,1
4,2,0,6,1,3,69,4,5,11,1,4,68,6,6,11,0
4,2,1,0,1,12,65,1,3,3,0,11,65,1,3,3,1
4,2,1,1,1,12,65,3,2,3,0,11,65,3,2,3,1
4,2,1,2,1,11,65,3,5,3,1,12,65,3,5,3,0
4,2,1,3,1,10,65,5,1,3,1,9,65,4,1,3,0
4,2,1,4,1,1,65,5,10,11,1,1,65,4,8,11,0
4,2,1,5,1,2,68,6,7,11,0,2,68,5,6,11,1
4,2,1,6,1,5,73,1,2,11,1,8,72,2,1,11,0
4,2,2,0,1,9,65,6,0,3,0,10,65,7,1,3,1
4,2,2,1,1,11,65,5,3,3,1,12,65,5,3,3,0
4,2,2,2,1,4,18,1,49,3,0,3,18,1,49,3,1
4,2,2,3,1,4,67,1,13,3,0,3,67,1,13,3,1
4,2,2,4,1,1,21,53,9,3,0,1,21,53,8,3,1
4,2,2,5,1,1,65,8,4,11,0,1,65,7,4,11,1
4,2,2,6,1,1,65,7,2,11,0,1,65,6,2,11,1
4,2,3,0,1,3,65,13,1,3,1,3,65,10,0,3,0
4,2,3,1,1,10,65,1,5,3,1,9,65,1,4,3,0
4,2,3,2,1,3,11,12,56,11,0,4,11,12,56,11,1
4,2,3,3,1,67,4,12,1,5,1,67,3,12,1,5,0
4,2,3,4,1,58,6,7,12,5,0,58,6,7,11,5,1
4,2,3,5,1,66,10,1,4,13,0,65,10,1,5,13,1
4,2,3,6,1,2,68,6,1,11,1,3,67,13,0,11,0
4,2,4,0,1,1,65,14,5,11,0,1,65,13,4,11,1
4,2,4,1,1,1,65,10,5,11,1,1,65,8,4,11,0
4,2,4,2,1,53,1,21,9,13,0,53,1,21,8,13,1
4,2,4,3,1,50,5,18,1,5,1,50,4,18,1,5,0
4,2,4,4,1,49,4,18,1,13,0,49,3,18,1,13,1
4,2,4,5,1,70,11,3,1,13,0,67,11,4,2,13,1
4,2,4,6,1,5,72,1,1,11,1,6,71,1,0,11,0
4,2,5,0,1,1,65,9,6,11,0,1,65,6,4,11,1
4,2,5,1,1,2,68,7,6,11,0,2,68,6,5,11,1
4,2,5,2,1,1,65,4,8,11,0,1,65,4,7,11,1
4,2,5,3,1,66,10,4,1,13,0,65,10,5,1,13,1
4,2,5,4,1,70,11,1,3,13,0,67,11,2,4,13,1
4,2,5,5,1,65,14,4,2,13,0,65,13,4,2,13,1
4,2,5,6,1,5,73,1,1,11,1,6,72,1,0,11,0
4,2,6,0,1,3,69,5,4,11,1,4,68,6,6,11,0
4,2,6,1,1,5,73,2,1,11,1,8,72,1,2,11,0
4,2,6,2,1,1,65,2,7,11,0,1,65,2,6,11,1
4,2,6,3,1,2,68,1,6,11,1,3,67,0,13,11,0
4,2,6,4,1,5,72,1,1,11,1,6,71,0,1,11,0
4,2,6,5,1,5,73,1,1,11,1,6,72,0,1,11,0
4,2,6,6,1,7,76,1,1,11,1,9,74,0,0,11,0
4,3,0,0,1,69,5,1,1,13,0,69,5,0,0,13,1
4,3,0,1,1,66,10,0,1,13,1,72,9,2,1,13,0
4,3,0,2,1,70,9,1,4,13,0,68,9,0,3,13,1
4,3,0,3,1,66,2,1,12,13,0,66,2,0,9,13,1
4,3,0,4,1,63,1,4,13,5,0,63,1,4,12,5,1
4,3,0,5,1,61,4,4,7,5,1,61,4,3,6,5,0
4,3,0,6,1,58,6,6,6,5,1,58,6,5,7,5,0
4,3,1,0,1,66,10,1,0,13,1,72,9,1,2,13,0
4,3,1,1,1,34,1,45,4,3,0,33,1,44,5,3,1
4,3,1,2,1,69,9,1,3,5,0,71,9,2,3,5,1
4,3,1,3,1,66,13,1,3,13,1,68,12,2,3,13,0
4,3,1,4,1,63,1,4,9,5,0,63,1,4,8,5,1
4,3,1,5,1,61,13,1,2,5,1,60,13,1,3,5,0
4,3,1,6,1,62,2,11,8,5,0,62,2,10,7,5,1
4,3,2,0,1,70,9,4,1,13,0,68,9,3,0,13,1
4,3,2,1,1,69,9,3,1,5,0,71,9,3,2,5,1
4,3,2,2,1,3,12,11,56,11,0,4,12,11,56,11,1
4,3,2,3,1,67,12,4,1,5,1,67,12,3,1,5,0
4,3,2,4,1,58,7,6,12,5,0,58,7,6,11,5,1
4,3,2,5,1,63,1,12,6,5,1,63,1,11,6,5,0
4,3,2,6,1,63,1,14,5,5,1,63,1,11,4,5,0
4,3,3,0,1,66,2,12,1,13,0,66,2,9,0,13,1
4,3,3,1,1,66,13,3,1,13,1,68,12,3,2,13,0
4,3,3,2,1,67,12,1,4,5,1,67,12,1,3,5,0
4,3,3,3,0,0,0,0,0,0,0,0,0,0,0,0,0
4,3,3,4,1,59,13,1,4,5,1,59,13,1,5,5,0
4,3,3,5,1,63,14,2,1,13,1,62,14,3,1,13,0
4,3,3,6,1,57,9,12,3,5,0,57,9,12,2,5,1
4,3,4,0,1,63,1,13,4,5,0,63,1,12,4,5,1
4,3,4,1,1,63,1,9,4,5,0,63,1,8,4,5,1
4,3,4,2,1,58,7,12,6,5,0,58,7,11,6,5,1
4,3,4,3,1,59,13,4,1,5,1,59,13,5,1,5,0
4,3,4,4,1,54,11,1,9,5,0,54,11,1,8,5,1
4,3,4,5,1,54,11,8,1,13,0,54,11,9,1,13,1
4,3,4,6,1,58,9,3,1,5,0,58,9,3,0,5,1
4,3,5,0,1,61,4,7,4,5,1,61,4,6,3,5,0
4,3,5,1,1,61,13,2,1,5,1,60,13,3,1,5,0
4,3,5,2,1,63,1,6,12,5,1,63,1,6,11,5,0
4,3,5,3,1,63,14,1,2,13,1,62,14,1,3,13,0
4,3,5,4,1,54,11,1,8,13,0,54,11,1,9,13,1
4,3,5,5,1,8,47,25,4,13,1,8,49,25,3,13,0
4,3,5,6,1,52,12,5,1,5,0,52,12,4,0,5,1
4,3,6,0,1,58,6,6,6,5,1,58,6,7,5,5,0
4,3,6,1,1,62,2,8,11,5,0,62,2,7,10,5,1
4,3,6,2,1,63,1,5,14,5,1,63,1,4,11,5,0
4,3,6,3,1,57,9,3,12,5,0,57,9,2,12,5,1
4,3,6,4,1,58,9,1,3,5,0,58,9,0,3,5,1
4,3,6,5,1,52,12,1,5,5,0,52,12,0,4,5,1
4,3,6,6,1,59,5,1,1,5,0,59,5,0,0,5,1
4,4,0,0,1,52,17,1,1,13,0,52,17,0,0,13,1
4,4,0,1,1,53,18,1,2,13,0,53,18,0,3,13,1
4,4,0,2,1,51,16,1,1,13,0,51,16,0,2,13,1
4,4,0,3,1,50,16,0,2,13,1,50,16,1,1,13,0
4,4,0,4,1,55,20,4,4,13,1,55,19,5,4,13,0
4,4,0,5,1,52,8,1,3,13,0,52,8,0,4,13,1
4,4,0,6,1,52,16,9,7,13,0,52,16,8,8,13,1
4,4,1,0,1,53,18,2,1,13,0,53,18,3,0,13,1
4,4,1,1,1,60,15,3,2,5,0,60,14,3,2,5,1
4,4,1,2,1,53,21,1,9,5,1,53,21,1,8,5,0
4,4,1,3,1,60,14,5,1,5,0,60,13,5,1,5,1
4,4,1,4,1,56,20,7,2,13,0,56,20,6,2,13,1
4,4,1,5,1,60,2,7,8,13,0,60,2,5,6,13,1
4,4,1,6,1,55,19,6,1,13,1,55,19,7,0,13,0
4,4,2,0,1,51,16,1,1,13,0,51,16,2,0,13,1
4,4,2,1,1,53,21,9,1,5,1,53,21,8,1,5,0
4,4,2,2,1,53,21,1,9,13,0,53,21,1,8,13,1
4,4,2,3,1,50,18,5,1,5,1,50,18,4,1,5,0
4,4,2,4,1,49,18,4,1,13,0,49,18,3,1,13,1
4,4,2,5,1,49,17,3,1,5,0,49,17,4,1,5,1
4,4,2,6,1,49,16,3,1,13,1,49,16,1,0,13,0
4,4,3,0,1,50,16,2,0,13,1,50,16,1,1,13,0
4,4,3,1,1,60,14,1,5,5,0,60,13,1,5,5,1
4,4,3,2,1,50,18,1,5,5,1,50,18,1,4,5,0
4,4,3,3,1,59,4,13,1,5,1,59,5,13,1,5,0
4,4,3,4,1,54,1,11,9,5,0,54,1,11,8,5,1
4,4,3,5,1,54,8,11,1,13,0,54,9,11,1,13,1
4,4,3,6,1,48,14,12,1,13,1,48,14,12,0,13,0
4,4,4,0,1,55,20,4,4,13,1,55,19,4,5,13,0
4,4,4,1,1,56,20,2,7,13,0,56,20,2,6,13,1
4,4,4,2,1,49,18,1,4,13,0,49,18,1,3,13,1
4,4,4,3,1,9,54,1,11,5,0,8,54,1,11,5,1
4,4,4,4,1,53,21,1023,1015,13,0,53,21,1023,1016,13,1
4,4,4,5,1,53,21,1015,1023,5,1,53,21,1016,1023,5,0
4,4,4,6,1,51,10,2,0,13,0,51,10,1,1,13,1
4,4,5,0,1,52,8,3,1,13,0,52,8,4,0,13,1
4,4,5,1,1,60,2,8,7,13,0,60,2,6,5,13,1
4,4,5,2,1,49,17,1,3,5,0,49,17,1,4,5,1
4,4,5,3,1,9,2,26,43,13,0,9,3,26,42,13,1
4,4,5,4,1,53,21,1023,1015,5,1,53,21,1023,1016,5,0
4,4,5,5,1,60,15,1021,1022,5,0,60,14,1021,1022,5,1
4,4,5,6,1,12,40,5,1,5,0,12,40,4,0,5,1
4,4,6,0,1,52,16,7,9,13,0,52,16,8,8,13,1
4,4,6,1,1,55,19,1,6,13,1,55,19,0,7,13,0
4,4,6,2,1,49,16,1,3,13,1,49,16,0,1,13,0
4,4,6,3,1,48,14,1,12,13,1,48,14,0,12,13,0
4,4,6,4,1,51,10,0,2,13,0,51,10,1,1,13,1
4,4,6,5,1,12,40,1,5,5,0,12,40,0,4,5,1
4,4,6,6,1,44,11,1,2,13,1,44,11,0,0,13,0
4,5,0,0,1,51,9,1,1,13,0,51,9,1,0,13,1
4,5,0,1,1,48,14,1,5,13,0,48,14,0,5,13,1
4,5,0,2,1,52,9,1,3,13,0,52,9,0,3,13,1
4,5,0,3,1,52,7,1,11,13,0,52,7,0,11,13,1
4,5,0,4,1,58,3,3,9,13,0,58,3,2,7,13,1
4,5,0,5,1,52,8,8,12,13,1,52,8,9,11,13,0
4,5,0,6,1,52,8,4,4,13,1,52,8,5,3,13,0
4,5,1,0,1,48,14,5,1,13,0,48,14,5,0,13,1
4,5,1,1,1,18,60,2,3,6,1,18,59,1,3,6,0
4,5,1,2,1,42,20,1,17,13,0,42,20,1,16,13,1
4,5,1,3,1,11,29,3,35,5,1,11,29,2,34,5,0
4,5,1,4,1,58,3,5,9,13,0,58,3,4,8,13,1
4,5,1,5,1,8,26,22,24,13,0,8,26,21,23,13,1
4,5,1,6,1,58,3,8,5,13,0,58,3,7,5,13,1
4,5,2,0,1,52,9,3,1,13,0,52,9,3,0,13,1
4,5,2,1,1,42,20,17,1,13,0,42,20,16,1,13,1
4,5,2,2,1,42,21,6,14,5,1,42,21,5,14,5,0
4,5,2,3,1,58,4,3,9,5,1,58,4,2,8,5,0
4,5,2,4,1,57,3,6,7,13,0,57,3,5,6,13,1
4,5,2,5,1,55,5,7,3,13,0,55,5,6,3,13,1
4,5,2,6,1,49,11,9,1,13,1,49,11,9,0,13,0
4,5,3,0,1,52,7,11,1,13,0,52,7,11,0,13,1
4,5,3,1,1,11,29,35,3,5,1,11,29,34,2,5,0
4,5,3,2,1,58,4,9,3,5,1,58,4,8,2,5,0
4,5,3,3,1,63,1,14,2,13,1,62,1,14,3,13,0
4,5,3,4,1,9,26,43,2,13,0,9,26,42,3,13,1
4,5,3,5,1,8,25,47,4,13,1,8,25,49,3,13,0
4,5,3,6,1,52,5,7,1,13,1,52,5,8,0,13,0
4,5,4,0,1,58,3,9,3,13,0,58,3,7,2,13,1
4,5,4,1,1,58,3,9,5,13,0,58,3,8,4,13,1
4,5,4,2,1,57,3,7,6,13,0,57,3,6,5,13,1
4,5,4,3,1,9,26,2,43,13,0,9,26,3,42,13,1
4,5,4,4,1,42,21,1018,1010,5,1,42,21,1019,1010,5,0
4,5,4,5,1,42,20,1007,1023,13,0,42,20,1008,1023,13,1
4,5,4,6,1,18,53,2,1,14,1,18,53,3,0,14,0
4,5,5,0,1,52,8,12,8,13,1,52,8,11,9,13,0
4,5,5,1,1,8,26,24,22,13,0,8,26,23,21,13,1
4,5,5,2,1,55,5,3,7,13,0,55,5,3,6,13,1
4,5,5,3,1,8,25,4,47,13,1,8,25,3,49,13,0
4,5,5,4,1,42,20,1023,1007,13,0,42,20,1023,1008,13,1
4,5,5,5,1,18,60,1022,1021,6,1,18,59,1023,1021,6,0
4,5,5,6,1,18,49,5,1,14,1,18,49,5,0,14,0
4,5,6,0,1,52,8,4,4,13,1,52,8,3,5,13,0
4,5,6,1,1,58,3,5,8,13,0,58,3,5,7,13,1
4,5,6,2,1,49,11,1,9,13,1,49,11,0,9,13,0
4,5,6,3,1,52,5,1,7,13,1,52,5,0,8,13,0
4,5,6,4,1,18,53,1,2,14,1,18,53,0,3,14,0
4,5,6,5,1,18,49,1,5,14,1,18,49,0,5,14,0
4,5,6,6,1,45,7,1,1,13,1,45,7,0,0,13,0
4,6,0,0,1,48,7,1,1,13,0,48,7,0,0,13,1
4,6,0,1,1,28,16,0,4,13,1,28,16,1,5,13,0
4,6,0,2,1,34,11,0,2,13,1,34,11,1,1,13,0
4,6,0,3,1,48,6,1,13,13,0,48,6,0,14,13,1
4,6,0,4,1,50,5,2,5,13,0,50,5,1,3,13,1
4,6,0,5,1,48,7,7,8,13,0,48,7,6,7,13,1
4,6,0,6,1,45,7,7,7,13,1,45,7,8,7,13,0
4,6,1,0,1,28,16,4,0,13,1,28,16,5,1,13,0
4,6,1,1,1,53,28,3,1,14,1,53,27,2,1,14,0
4,6,1,2,1,30,1,45,7,3,0,30,0,45,6,3,1
4,6,1,3,1,52,5,2,6,13,0,52,5,1,4,13,1
4,6,1,4,1,51,5,2,3,13,1,51,5,3,4,13,0
4,6,1,5,1,52,5,4,2,13,0,52,5,3,2,13,1
4,6,1,6,1,45,8,15,8,13,0,45,8,14,8,13,1
4,6,2,0,1,34,11,2,0,13,1,34,11,1,1,13,0
4,6,2,1,1,5,2,73,1,11,1,8,1,72,2,11,0
4,6,2,2,1,1,2,65,7,11,0,1,2,65,6,11,1
4,6,2,3,1,46,9,9,18,13,0,46,9,8,17,13,1
4,6,2,4,1,46,9,19,10,13,0,46,9,19,11,13,1
4,6,2,5,1,50,5,3,1,13,0,50,5,2,1,13,1
4,6,2,6,1,45,8,7,0,13,0,45,8,7,1,13,1
4,6,3,0,1,48,6,13,1,13,0,48,6,14,0,13,1
4,6,3,1,1,52,5,6,2,13,0,52,5,4,1,13,1
4,6,3,2,1,46,9,18,9,13,0,46,9,17,8,13,1
4,6,3,3,1,57,3,9,12,5,0,57,2,9,12,5,1
4,6,3,4,1,45,1,2,16,13,0,45,1,1,17,13,1
4,6,3,5,1,33,8,39,4,5,0,33,8,41,3,5,1
4,6,3,6,1,37,2,38,7,13,1,37,2,40,6,13,0
4,6,4,0,1,50,5,5,2,13,0,50,5,3,1,13,1
4,6,4,1,1,51,5,3,2,13,1,51,5,4,3,13,0
4,6,4,2,1,46,9,10,19,13,0,46,9,11,19,13,1
4,6,4,3,1,45,1,16,2,13,0,45,1,17,1,13,1
4,6,4,4,1,51,0,10,2,13,0,51,1,10,1,13,1
4,6,4,5,1,48,3,4,1,5,1,48,3,3,2,5,0
4,6,4,6,1,34,1,25,1,13,1,34,1,24,1,13,0
4,6,5,0,1,48,7,8,7,13,0,48,7,7,6,13,1
4,6,5,1,1,52,5,2,4,13,0,52,5,2,3,13,1
4,6,5,2,1,50,5,1,3,13,0,50,5,1,2,13,1
4,6,5,3,1,33,8,4,39,5,0,33,8,3,41,5,1
4,6,5,4,1,48,3,1,4,5,1,48,3,2,3,5,0
4,6,5,5,1,45,3,4,1,13,0,45,3,3,2,13,1
4,6,5,6,1,35,1,12,1,13,1,35,1,11,0,13,0
4,6,6,0,1,45,7,7,7,13,1,45,7,7,8,13,0
4,6,6,1,1,45,8,8,15,13,0,45,8,8,14,13,1
4,6,6,2,1,45,8,0,7,13,0,45,8,1,7,13,1
4,6,6,3,1,37,2,7,38,13,1,37,2,6,40,13,0
4,6,6,4,1,34,1,1,25,13,1,34,1,1,24,13,0
4,6,6,5,1,35,1,1,12,13,1,35,1,0,11,13,0
4,6,6,6,1,34,1,3,6,13,1,34,1,2,4,13,0
5,0,0,0,1,33,35,2,6,3,1,33,35,2,5,3,0
5,0,0,1,1,35,36,1,12,3,1,35,36,0,11,3,0
5,0,0,2,1,25,34,1,9,3,1,25,34,0,8,3,0
5,0,0,3,1,23,36,1,12,3,1,23,36,0,13,3,0
5,0,0,4,1,36,46,0,3,3,0,35,45,1,3,3,1
5,0,0,5,1,34,45,1,3,3,0,33,44,1,2,3,1
5,0,0,6,1,34,45,2,3,3,0,33,44,2,2,3,1
5,0,1,0,1,35,36,12,1,3,1,35,36,11,0,3,0
5,0,1,1,1,37,43,3,1,3,0,36,42,3,2,3,1
5,0,1,2,1,34,33,16,2,3,1,34,33,16,1,3,0
5,0,1,3,1,6,24,3,46,3,1,6,24,2,52,3,0
5,0,1,4,1,22,36,7,13,3,1,22,36,7,14,3,0
5,0,1,5,1,34,45,2,4,3,0,33,44,2,3,3,1
5,0,1,6,1,36,44,4,0,3,1,36,44,3,1,3,0
5,0,2,0,1,25,34,9,1,3,1,25,34,8,0,3,0
5,0,2,1,1,34,33,2,16,3,1,34,33,1,16,3,0
5,0,2,2,1,6,1,70,4,11,0,5,0,70,3,11,1
5,0,2,3,1,18,33,2,32,3,1,18,33,1,33,3,0
5,0,2,4,1,18,33,16,15,3,0,18,33,16,14,3,1
5,0,2,5,1,26,39,12,6,11,0,26,39,13,7,11,1
5,0,2,6,1,34,43,5,1,11,1,33,43,5,0,11,0
5,0,3,0,1,23,36,12,1,3,1,23,36,13,0,3,0
5,0,3,1,1,6,24,46,3,3,1,6,24,52,2,3,0
5,0,3,2,1,18,33,32,2,3,1,18,33,33,1,3,0
5,0,3,3,1,33,1,35,16,5,1,33,0,35,15,5,0
5,0,3,4,1,14,31,31,3,11,1,14,31,30,1,11,0
5,0,3,5,1,27,1,41,6,13,0,27,0,41,6,13,1
5,0,3,6,1,34,45,2,1,3,0,33,44,2,0,3,1
5,0,4,0,1,36,46,3,0,3,0,35,45,3,1,3,1
5,0,4,1,1,22,36,13,7,3,1,22,36,14,7,3,0
5,0,4,2,1,18,33,15,16,3,0,18,33,14,16,3,1
5,0,4,3,1,14,31,3,31,11,1,14,31,1,30,11,0
5,0,4,4,1,26,43,4,9,3,0,26,43,3,9,3,1
5,0,4,5,1,22,42,17,1,3,0,22,42,16,1,3,1
5,0,4,6,1,22,43,18,1,3,0,22,43,17,1,3,1
5,0,5,0,1,34,45,3,1,3,0,33,44,2,1,3,1
5,0,5,1,1,34,45,4,2,3,0,33,44,3,2,3,1
5,0,5,2,1,26,39,6,12,11,0,26,39,7,13,11,1
5,0,5,3,1,10,3,26,34,13,0,10,2,26,33,13,1
5,0,5,4,1,22,42,1,17,3,0,22,42,1,16,3,1
5,0,5,5,1,8,16,25,23,13,0,8,15,25,22,13,1
5,0,5,6,1,27,41,2,0,3,1,27,41,1,1,3,0
5,0,6,0,1,34,45,3,2,3,0,33,44,2,2,3,1
5,0,6,1,1,36,44,0,4,3,1,36,44,1,3,3,0
5,0,6,2,1,34,43,1,5,11,1,33,43,0,5,11,0
5,0,6,3,1,34,45,1,2,3,0,33,44,0,2,3,1
5,0,6,4,1,22,43,1,18,3,0,22,43,1,17,3,1
5,0,6,5,1,27,41,0,2,3,1,27,41,1,1,3,0
5,0,6,6,1,36,47,1,1,3,0,34,47,0,0,3,1
5,1,0,0,1,22,47,2,2,3,0,22,47,2,3,3,1
5,1,0,1,1,22,45,1,8,3,1,22,45,0,7,3,0
5,1,0,2,1,22,45,1,16,3,1,22,45,0,15,3,0
5,1,0,3,1,24,51,4,4,3,1,24,51,3,4,3,0
5,1,0,4,1,24,47,8,4,3,1,24,47,7,4,3,0
5,1,0,5,1,23,56,0,1,3,0,25,57,1,1,3,1
5,1,0,6,1,23,54,4,4,3,0,23,54,4,3,3,1
5,1,1,0,1,22,45,8,1,3,1,22,45,7,0,3,0
5,1,1,1,1,26,54,3,1,3,0,25,54,2,1,3,1
5,1,1,2,1,24,54,1,2,3,1,25,54,1,3,3,0
5,1,1,3,1,18,48,3,12,3,1,18,48,2,12,3,0
5,1,1,4,1,23,56,1,4,3,0,22,55,1,3,3,1
5,1,1,5,1,18,54,3,6,3,1,18,54,2,6,3,0
5,1,1,6,1,24,47,11,1,3,1,24,47,10,1,3,0
5,1,2,0,1,22,45,16,1,3,1,22,45,15,0,3,0
5,1,2,1,1,24,54,2,1,3,1,25,54,3,1,3,0
5,1,2,2,1,25,54,4,1,3,0,24,54,3,1,3,1
5,1,2,3,1,17,47,4,16,3,1,17,47,3,16,3,0
5,1,2,4,1,1,6,66,12,11,0,1,4,66,9,11,1
5,1,2,5,1,18,56,2,6,3,1,18,56,2,7,3,0
5,1,2,6,1,23,53,7,1,3,0,23,53,9,0,3,1
5,1,3,0,1,24,51,4,4,3,1,24,51,4,3,3,0
5,1,3,1,1,18,48,12,3,3,1,18,48,12,2,3,0
5,1,3,2,1,17,47,16,4,3,1,17,47,16,3,3,0
5,1,3,3,1,22,54,1,2,11,0,25,57,1,2,3,0
5,1,3,4,1,15,49,16,4,11,1,15,49,16,3,11,0
5,1,3,5,1,26,4,43,9,5,1,26,3,43,9,5,0
5,1,3,6,1,23,56,1,1,11,1,23,55,2,0,11,0
5,1,4,0,1,24,47,4,8,3,1,24,47,4,7,3,0
5,1,4,1,1,23,56,4,1,3,0,22,55,3,1,3,1
5,1,4,2,1,20,1,42,17,13,0,20,1,42,16,13,1
5,1,4,3,1,15,49,4,16,11,1,15,49,3,16,11,0
5,1,4,4,1,3,5,58,9,13,0,3,4,58,8,13,1
5,1,4,5,1,19,56,7,1,3,1,19,56,8,1,3,0
5,1,4,6,1,23,57,2,0,3,1,23,57,1,1,3,0
5,1,5,0,1,23,56,1,0,3,0,25,57,1,1,3,1
5,1,5,1,1,18,54,6,3,3,1,18,54,6,2,3,0
5,1,5,2,1,18,56,6,2,3,1,18,56,7,2,3,0
5,1,5,3,1,9,4,27,42,13,0,9,3,27,41,13,1
5,1,5,4,1,19,56,1,7,3,1,19,56,1,8,3,0
5,1,5,5,1,9,25,27,21,13,0,9,24,27,21,13,1
5,1,5,6,1,25,58,1,0,3,1,24,58,1,1,3,0
5,1,6,0,1,23,54,4,4,3,0,23,54,3,4,3,1
5,1,6,1,1,24,47,1,11,3,1,24,47,1,10,3,0
5,1,6,2,1,23,53,1,7,3,0,23,53,0,9,3,1
5,1,6,3,1,23,56,1,1,11,1,23,55,0,2,11,0
5,1,6,4,1,23,57,0,2,3,1,23,57,1,1,3,0
5,1,6,5,1,25,58,0,1,3,1,24,58,1,1,3,0
5,1,6,6,1,22,58,1,1,3,1,22,57,1,1,3,0
5,2,0,0,1,5,69,1,1,11,0,5,69,0,0,11,1
5,2,0,1,1,8,73,1,2,11,0,6,74,0,1,11,1
5,2,0,2,1,6,70,1,4,11,0,5,70,0,3,11,1
5,2,0,3,1,2,66,1,12,11,0,2,66,0,9,11,1
5,2,0,4,1,1,66,4,12,11,0,1,66,3,10,11,1
5,2,0,5,1,1,66,4,6,11,0,1,66,3,5,11,1
5,2,0,6,1,2,70,4,5,11,1,2,69,6,6,11,0
5,2,1,0,1,8,73,2,1,11,0,6,74,1,0,11,1
5,2,1,1,1,24,2,54,1,3,1,25,3,54,1,3,0
5,2,1,2,1,25,4,54,1,3,0,24,3,54,1,3,1
5,2,1,3,1,49,33,1,2,5,1,49,32,1,3,5,0
5,2,1,4,1,1,66,6,12,11,0,1,66,4,9,11,1
5,2,1,5,1,2,70,6,7,11,0,2,70,5,6,11,1
5,2,1,6,1,1,66,6,4,11,0,1,66,4,3,11,1
5,2,2,0,1,6,70,4,1,11,0,5,70,3,0,11,1
5,2,2,1,1,12,15,28,22,3,0,11,15,27,22,3,1
5,2,2,2,1,28,42,9,5,12,0,28,42,8,5,12,1
5,2,2,3,1,22,41,4,1,12,0,22,41,3,1,12,1
5,2,2,4,1,47,29,3,1,5,1,47,29,2,1,5,0
5,2,2,5,1,1,66,12,6,11,0,1,66,9,5,11,1
5,2,2,6,1,1,66,12,4,11,0,1,66,11,4,11,1
5,2,3,0,1,2,66,12,1,11,0,2,66,9,0,11,1
5,2,3,1,1,49,33,2,1,5,1,49,32,3,1,5,0
5,2,3,2,1,22,41,1,4,12,0,22,41,1,3,12,1
5,2,3,3,1,35,7,8,32,5,1,35,6,8,31,5,0
5,2,3,4,1,65,4,12,2,14,0,65,4,13,3,14,1
5,2,3,5,1,69,12,3,1,6,1,68,12,3,2,6,0
5,2,3,6,1,2,70,5,0,11,0,2,70,3,1,11,1
5,2,4,0,1,1,66,12,4,11,0,1,66,10,3,11,1
5,2,4,1,1,1,66,12,6,11,0,1,66,9,4,11,1
5,2,4,2,1,47,29,1,3,5,1,47,29,1,2,5,0
5,2,4,3,1,65,4,2,12,14,0,65,4,3,13,14,1
5,2,4,4,1,3,6,57,7,13,0,3,5,57,6,13,1
5,2,4,5,1,67,11,2,1,6,1,66,11,3,2,6,0
5,2,4,6,1,4,73,1,0,11,0,3,73,1,1,11,1
5,2,5,0,1,1,66,6,4,11,0,1,66,5,3,11,1
5,2,5,1,1,2,70,7,6,11,0,2,70,6,5,11,1
5,2,5,2,1,1,66,6,12,11,0,1,66,5,9,11,1
5,2,5,3,1,69,12,1,3,6,1,68,12,2,3,6,0
5,2,5,4,1,67,11,1,2,6,1,66,11,2,3,6,0
5,2,5,5,1,66,13,3,1,6,1,65,13,4,2,6,0
5,2,5,6,1,6,78,1,0,11,0,5,78,1,1,11,1
5,2,6,0,1,2,70,5,4,11,1,2,69,6,6,11,0
5,2,6,1,1,1,66,4,6,11,0,1,66,3,4,11,1
5,2,6,2,1,1,66,4,12,11,0,1,66,4,11,11,1
5,2,6,3,1,2,70,0,5,11,0,2,70,1,3,11,1
5,2,6,4,1,4,73,0,1,11,0,3,73,1,1,11,1
5,2,6,5,1,6,78,0,1,11,0,5,78,1,1,11,1
5,2,6,6,1,44,33,2,1,13,1,44,33,0,0,13,0
5,3,0,0,1,23,12,36,1,3,1,23,13,36,0,3,0
5,3,0,1,1,34,41,1,1,5,1,33,41,0,1,5,0
5,3,0,2,1,33,42,0,1,13,1,34,41,1,2,13,0
5,3,0,3,1,33,35,1,16,5,1,33,35,0,15,5,0
5,3,0,4,1,30,43,1,6,13,0,30,43,0,5,13,1
5,3,0,5,1,27,41,1,6,13,0,27,41,0,6,13,1
5,3,0,6,1,26,39,0,4,13,1,33,48,2,1,13,0
5,3,1,0,1,34,41,1,1,5,1,33,41,1,0,5,0
5,3,1,1,1,69,11,3,2,6,1,67,11,2,1,6,0
5,3,1,2,1,68,11,2,4,14,0,66,11,1,2,14,1
5,3,1,3,1,35,8,4,37,5,1,35,8,3,36,5,0
5,3,1,4,1,32,33,3,6,5,0,32,33,2,4,5,1
5,3,1,5,1,26,43,4,9,5,1,26,43,3,9,5,0
5,3,1,6,1,35,45,5,0,13,0,35,45,4,1,13,1
5,3,2,0,1,33,42,1,0,13,1,34,41,2,1,13,0
5,3,2,1,1,68,11,4,2,14,0,66,11,2,1,14,1
5,3,2,2,1,22,1,41,4,12,0,22,1,41,3,12,1
5,3,2,3,1,35,8,7,32,5,1,35,8,6,31,5,0
5,3,2,4,1,62,14,1,5,14,1,62,14,1,4,14,0
5,3,2,5,1,33,47,4,1,13,0,33,46,3,1,13,1
5,3,2,6,1,33,47,5,0,13,0,33,46,4,1,13,1
5,3,3,0,1,33,35,16,1,5,1,33,35,15,0,5,0
5,3,3,1,1,35,8,37,4,5,1,35,8,36,3,5,0
5,3,3,2,1,35,8,32,7,5,1,35,8,31,6,5,0
5,3,3,3,0,0,0,0,0,0,0,0,0,0,0,0,0
5,3,3,4,1,1,14,2,63,13,1,1,14,3,62,13,0
5,3,3,5,1,63,12,2,1,14,0,62,12,3,2,14,1
5,3,3,6,1,26,39,3,4,13,1,26,39,3,3,13,0
5,3,4,0,1,30,43,6,1,13,0,30,43,5,0,13,1
5,3,4,1,1,32,33,6,3,5,0,32,33,4,2,5,1
5,3,4,2,1,62,14,5,1,14,1,62,14,4,1,14,0
5,3,4,3,1,1,2,63,14,13,1,1,3,62,14,13,0
5,3,4,4,1,29,50,4,2,13,0,29,49,4,3,13,1
5,3,4,5,1,22,42,18,1,5,0,22,42,17,1,5,1
5,3,4,6,1,26,39,9,1,5,0,26,39,9,0,5,1
5,3,5,0,1,27,41,6,1,13,0,27,41,6,0,13,1
5,3,5,1,1,26,43,9,4,5,1,26,43,9,3,5,0
5,3,5,2,1,33,47,1,4,13,0,33,46,1,3,13,1
5,3,5,3,1,63,12,1,2,14,0,62,12,2,3,14,1
5,3,5,4,1,22,42,1,18,5,0,22,42,1,17,5,1
5,3,5,5,1,18,51,11,3,5,0,18,54,11,2,5,1
5,3,5,6,1,27,42,4,1,13,1,27,42,4,0,13,0
5,3,6,0,1,26,39,4,0,13,1,33,48,1,2,13,0
5,3,6,1,1,35,45,0,5,13,0,35,45,1,4,13,1
5,3,6,2,1,33,47,0,5,13,0,33,46,1,4,13,1
5,3,6,3,1,26,39,4,3,13,1,26,39,3,3,13,0
5,3,6,4,1,26,39,1,9,5,0,26,39,0,9,5,1
5,3,6,5,1,27,42,1,4,13,1,27,42,0,4,13,0
5,3,6,6,1,26,39,1,3,13,1,26,39,1,2,13,0
5,4,0,0,1,9,51,1,1,13,0,9,51,1,0,13,1
5,4,0,1,1,14,48,1,5,13,0,14,48,0,5,13,1
5,4,0,2,1,9,52,1,3,13,0,9,52,0,3,13,1
5,4,0,3,1,7,52,1,11,13,0,7,52,0,11,13,1
5,4,0,4,1,3,58,3,9,13,0,3,58,2,7,13,1
5,4,0,5,1,8,52,8,12,13,1,8,52,9,11,13,0
5,4,0,6,1,8,52,4,4,13,1,8,52,5,3,13,0
5,4,1,0,1,14,48,5,1,13,0,14,48,5,0,13,1
5,4,1,1,1,60,18,2,3,6,1,59,18,1,3,6,0
5,4,1,2,1,20,42,1,17,13,0,20,42,1,16,13,1
5,4,1,3,1,29,11,3,35,5,1,29,11,2,34,5,0
5,4,1,4,1,3,58,5,9,13,0,3,58,4,8,13,1
5,4,1,5,1,26,8,22,24,13,0,26,8,21,23,13,1
5,4,1,6,1,3,58,8,5,13,0,3,58,7,5,13,1
5,4,2,0,1,9,52,3,1,13,0,9,52,3,0,13,1
5,4,2,1,1,20,42,17,1,13,0,20,42,16,1,13,1
5,4,2,2,1,21,42,6,14,5,1,21,42,5,14,5,0
5,4,2,3,1,4,58,3,9,5,1,4,58,2,8,5,0
5,4,2,4,1,3,57,6,7,13,0,3,57,5,6,13,1
5,4,2,5,1,5,55,7,3,13,0,5,55,6,3,13,1
5,4,2,6,1,11,49,9,1,13,1,11,49,9,0,13,0
5,4,3,0,1,7,52,11,1,13,0,7,52,11,0,13,1
5,4,3,1,1,29,11,35,3,5,1,29,11,34,2,5,0
5,4,3,2,1,4,58,9,3,5,1,4,58,8,2,5,0
5,4,3,3,1,1,63,2,14,13,1,1,62,3,14,13,0
5,4,3,4,1,26,9,43,2,13,0,26,9,42,3,13,1
5,4,3,5,1,25,8,47,4,13,1,25,8,49,3,13,0
5,4,3,6,1,5,52,7,1,13,1,5,52,8,0,13,0
5,4,4,0,1,3,58,9,3,13,0,3,58,7,2,13,1
5,4,4,1,1,3,58,9,5,13,0,3,58,8,4,13,1
5,4,4,2,1,3,57,7,6,13,0,3,57,6,5,13,1
5,4,4,3,1,26,9,2,43,13,0,26,9,3,42,13,1
5,4,4,4,1,21,42,1018,1010,5,1,21,42,1019,1010,5,0
5,4,4,5,1,20,42,1007,1023,13,0,20,42,1008,1023,13,1
5,4,4,6,1,53,18,2,1,14,1,53,18,3,0,14,0
5,4,5,0,1,8,52,12,8,13,1,8,52,11,9,13,0
5,4,5,1,1,26,8,24,22,13,0,26,8,23,21,13,1
5,4,5,2,1,5,55,3,7,13,0,5,55,3,6,13,1
5,4,5,3,1,25,8,4,47,13,1,25,8,3,49,13,0
5,4,5,4,1,20,42,1023,1007,13,0,20,42,1023,1008,13,1
5,4,5,5,1,60,18,1022,1021,6,1,59,18,1023,1021,6,0
5,4,5,6,1,49,18,5,1,14,1,49,18,5,0,14,0
5,4,6,0,1,8,52,4,4,13,1,8,52,3,5,13,0
5,4,6,1,1,3,58,5,8,13,0,3,58,5,7,13,1
5,4,6,2,1,11,49,1,9,13,1,11,49,0,9,13,0
5,4,6,3,1,5,52,1,7,13,1,5,52,0,8,13,0
5,4,6,4,1,53,18,1,2,14,1,53,18,0,3,14,0
5,4,6,5,1,49,18,1,5,14,1,49,18,0,5,14,0
5,4,6,6,1,7,45,1,1,13,1,7,45,0,0,13,0
5,5,0,0,1,17,53,2,2,14,0,17,53,0,0,14,1
5,5,0,1,1,18,49,0,2,14,1,17,53,3,2,14,0
5,5,0,2,1,18,49,0,5,14,1,17,53,3,5,14,0
5,5,0,3,1,10,26,3,34,13,0,10,26,2,33,13,1
5,5,0,4,1,8,25,13,37,13,0,8,25,12,36,13,1
5,5,0,5,1,8,25,16,23,13,0,8,25,15,22,13,1
5,5,0,6,1,10,25,26,24,13,0,10,25,25,23,13,1
5,5,1,0,1,18,49,2,0,14,1,17,53,2,3,14,0
5,5,1,1,1,25,49,6,4,14,0,25,48,5,3,14,1
5,5,1,2,1,18,52,3,6,14,0,18,52,2,6,14,1
5,5,1,3,1,9,27,4,42,13,0,9,27,3,41,13,1
5,5,1,4,1,8,25,16,30,13,0,8,25,15,29,13,1
5,5,1,5,1,9,27,25,21,13,0,9,27,24,21,13,1
5,5,1,6,1,8,26,24,14,13,0,8,26,23,14,13,1
5,5,2,0,1,18,49,5,0,14,1,17,53,5,3,14,0
5,5,2,1,1,18,52,6,3,14,0,18,52,6,2,14,1
5,5,2,2,1,19,50,4,6,14,1,19,50,4,7,14,0
5,5,2,3,1,9,27,8,39,13,0,9,27,7,37,13,1
5,5,2,4,1,9,26,22,16,13,0,9,26,21,15,13,1
5,5,2,5,1,8,25,28,13,13,0,8,25,27,13,13,1
5,5,2,6,1,8,25,23,7,13,0,8,25,21,7,13,1
5,5,3,0,1,10,26,34,3,13,0,10,26,33,2,13,1
5,5,3,1,1,9,27,42,4,13,0,9,27,41,3,13,1
5,5,3,2,1,9,27,39,8,13,0,9,27,37,7,13,1
5,5,3,3,1,63,1,12,2,14,0,62,2,12,3,14,1
5,5,3,4,1,18,13,49,2,5,0,18,13,53,1,5,1
5,5,3,5,1,18,11,51,3,5,0,18,11,54,2,5,1
5,5,3,6,1,7,24,50,1,13,1,7,24,53,0,13,0
5,5,4,0,1,8,25,37,13,13,0,8,25,36,12,13,1
5,5,4,1,1,8,25,30,16,13,0,8,25,29,15,13,1
5,5,4,2,1,9,26,16,22,13,0,9,26,15,21,13,1
5,5,4,3,1,18,13,2,49,5,0,18,13,1,53,5,1
5,5,4,4,1,19,50,1020,1018,14,1,19,50,1020,1017,14,0
5,5,4,5,1,18,52,1018,1021,14,0,18,52,1018,1022,14,1
5,5,4,6,1,12,47,8,0,14,0,12,47,8,1,14,1
5,5,5,0,1,8,25,23,16,13,0,8,25,22,15,13,1
5,5,5,1,1,9,27,21,25,13,0,9,27,21,24,13,1
5,5,5,2,1,8,25,13,28,13,0,8,25,13,27,13,1
5,5,5,3,1,18,11,3,51,5,0,18,11,2,54,5,1
5,5,5,4,1,18,52,1021,1018,14,0,18,52,1022,1018,14,1
5,5,5,5,1,25,49,1018,1020,14,0,25,48,1019,1021,14,1
5,5,5,6,1,45,16,2,1,14,1,45,16,2,0,14,0
5,5,6,0,1,10,25,24,26,13,0,10,25,23,25,13,1
5,5,6,1,1,8,26,14,24,13,0,8,26,14,23,13,1
5,5,6,2,1,8,25,7,23,13,0,8,25,7,21,13,1
5,5,6,3,1,7,24,1,50,13,1,7,24,0,53,13,0
5,5,6,4,1,12,47,0,8,14,0,12,47,1,8,14,1
5,5,6,5,1,45,16,1,2,14,1,45,16,0,2,14,0
5,5,6,6,1,54,7,1,1,6,0,54,7,0,0,6,1
5,6,0,0,1,43,20,3,3,6,1,43,20,2,2,6,0
5,6,0,1,1,45,14,0,2,6,0,45,14,1,1,6,1
5,6,0,2,1,43,20,1,16,6,1,43,20,1,15,6,0
5,6,0,3,1,43,17,2,19,6,0,43,17,3,20,6,1
5,6,0,4,1,22,7,11,31,5,1,22,7,10,30,5,0
5,6,0,5,1,22,7,20,29,5,1,22,7,19,28,5,0
5,6,0,6,1,43,18,5,1,6,0,43,18,6,0,6,1
5,6,1,0,1,45,14,2,0,6,0,45,14,1,1,6,1
5,6,1,1,1,24,1,47,11,3,1,24,1,47,10,3,0
5,6,1,2,1,43,20,1,16,6,0,43,20,1,17,6,1
5,6,1,3,1,23,8,4,34,5,1,23,8,3,33,5,0
5,6,1,4,1,22,7,11,20,5,1,22,7,10,19,5,0
5,6,1,5,1,47,15,10,5,6,0,47,15,11,5,6,1
5,6,1,6,1,22,7,31,20,5,1,22,7,29,19,5,0
5,6,2,0,1,43,20,16,1,6,1,43,20,15,1,6,0
5,6,2,1,1,43,20,16,1,6,0,43,20,17,1,6,1
5,6,2,2,1,43,19,1,15,6,1,43,19,1,14,6,0
5,6,2,3,1,22,8,5,49,5,1,22,8,4,47,5,0
5,6,2,4,1,22,8,25,20,5,1,22,8,23,19,5,0
5,6,2,5,1,22,7,20,9,5,1,22,7,19,9,5,0
5,6,2,6,1,22,7,20,6,5,0,22,7,21,6,5,1
5,6,3,0,1,43,17,19,2,6,0,43,17,20,3,6,1
5,6,3,1,1,23,8,34,4,5,1,23,8,33,3,5,0
5,6,3,2,1,22,8,49,5,5,1,22,8,47,4,5,0
5,6,3,3,1,26,4,39,3,13,1,26,3,39,3,13,0
5,6,3,4,1,43,11,22,9,6,0,43,11,23,8,6,1
5,6,3,5,1,44,10,25,5,6,0,44,10,26,4,6,1
5,6,3,6,1,43,10,26,4,6,0,43,10,27,3,6,1
5,6,4,0,1,22,7,31,11,5,1,22,7,30,10,5,0
5,6,4,1,1,22,7,20,11,5,1,22,7,19,10,5,0
5,6,4,2,1,22,8,20,25,5,1,22,8,19,23,5,0
5,6,4,3,1,43,11,9,22,6,0,43,11,8,23,6,1
5,6,4,4,1,43,8,17,1,14,0,43,8,16,2,14,1
5,6,4,5,1,43,2,34,1,6,0,43,2,33,1,6,1
5,6,4,6,1,43,2,32,1,6,1,43,2,33,1,6,0
5,6,5,0,1,22,7,29,20,5,1,22,7,28,19,5,0
5,6,5,1,1,47,15,5,10,6,0,47,15,5,11,6,1
5,6,5,2,1,22,7,9,20,5,1,22,7,9,19,5,0
5,6,5,3,1,44,10,5,25,6,0,44,10,4,26,6,1
5,6,5,4,1,43,2,1,34,6,0,43,2,1,33,6,1
5,6,5,5,1,45,1,16,2,14,1,45,0,16,2,14,0
5,6,5,6,1,54,1,7,1,6,0,54,0,7,0,6,1
5,6,6,0,1,43,18,1,5,6,0,43,18,0,6,6,1
5,6,6,1,1,22,7,20,31,5,1,22,7,19,29,5,0
5,6,6,2,1,22,7,6,20,5,0,22,7,6,21,5,1
5,6,6,3,1,43,10,4,26,6,0,43,10,3,27,6,1
5,6,6,4,1,43,2,1,32,6,1,43,2,1,33,6,0
5,6,6,5,1,13,1,1,16,5,1,14,1,1,15,5,0
5,6,6,6,1,43,2,1,11,6,0,43,2,1,9,6,1
6,0,0,0,1,6,47,1,1,10,0,6,47,0,0,10,1
6,0,0,1,1,18,37,1,2,3,0,18,37,2,1,3,1
6,0,0,2,1,28,46,0,5,3,0,27,46,1,5,3,1
6,0,0,3,1,3,45,1,7,10,0,3,45,0,6,10,1
6,0,0,4,1,23,45,1,4,3,1,23,45,0,2,3,0
6,0,0,5,1,22,45,6,11,3,1,22,45,5,11,3,0
6,0,0,6,1,29,48,3,0,3,1,29,48,3,1,3,0
6,0,1,0,1,18,37,2,1,3,0,18,37,1,2,3,1
6,0,1,1,1,18,1,56,2,3,1,18,0,56,3,3,0
6,0,1,2,1,16,1,49,12,3,1,16,0,49,11,3,0
6,0,1,3,1,3,45,2,33,10,0,3,45,1,36,10,1
6,0,1,4,1,15,37,11,22,11,0,15,37,10,22,11,1
6,0,1,5,1,24,46,2,3,3,1,24,46,1,2,3,0
6,0,1,6,1,16,33,22,11,3,0,16,33,22,10,3,1
6,0,2,0,1,28,46,5,0,3,0,27,46,5,1,3,1
6,0,2,1,1,5,0,77,1,3,0,5,1,75,1,3,1
6,0,2,2,1,5,0,77,1,11,1,5,1,74,2,11,0
6,0,2,3,1,12,33,1,34,3,0,12,33,2,33,3,1
6,0,2,4,1,23,44,2,1,3,0,23,44,3,1,3,1
6,0,2,5,1,23,44,4,1,3,1,23,44,3,1,3,0
6,0,2,6,1,23,44,5,1,3,1,23,44,4,1,3,0
6,0,3,0,1,3,45,7,1,10,0,3,45,6,0,10,1
6,0,3,1,1,3,45,33,2,10,0,3,45,36,1,10,1
6,0,3,2,1,12,33,34,1,3,0,12,33,33,2,3,1
6,0,3,3,1,22,1,57,4,13,0,22,0,55,3,13,1
6,0,3,4,1,18,40,21,2,11,1,18,40,20,1,11,0
6,0,3,5,1,1,28,30,9,3,0,1,28,29,8,3,1
6,0,3,6,1,24,46,1,1,3,0,23,46,5,1,3,1
6,0,4,0,1,23,45,4,1,3,1,23,45,2,0,3,0
6,0,4,1,1,15,37,22,11,11,0,15,37,22,10,11,1
6,0,4,2,1,23,44,1,2,3,0,23,44,1,3,3,1
6,0,4,3,1,18,40,2,21,11,1,18,40,1,20,11,0
6,0,4,4,1,1,50,2,17,2,1,1,50,1,19,2,0
6,0,4,5,1,25,48,1,2,3,0,24,48,1,3,3,1
6,0,4,6,1,24,47,4,0,3,1,24,47,3,1,3,0
6,0,5,0,1,22,45,11,6,3,1,22,45,11,5,3,0
6,0,5,1,1,24,46,3,2,3,1,24,46,2,1,3,0
6,0,5,2,1,23,44,1,4,3,1,23,44,1,3,3,0
6,0,5,3,1,1,28,9,30,3,0,1,28,8,29,3,1
6,0,5,4,1,25,48,2,1,3,0,24,48,3,1,3,1
6,0,5,5,1,25,48,2,1,11,1,24,48,3,1,11,0
6,0,5,6,1,26,49,1,1,3,0,25,49,3,0,3,1
6,0,6,0,1,29,48,0,3,3,1,29,48,1,3,3,0
6,0,6,1,1,16,33,11,22,3,0,16,33,10,22,3,1
6,0,6,2,1,23,44,1,5,3,1,23,44,1,4,3,0
6,0,6,3,1,24,46,1,1,3,0,23,46,1,5,3,1
6,0,6,4,1,24,47,0,4,3,1,24,47,1,3,3,0
6,0,6,5,1,26,49,1,1,3,0,25,49,0,3,3,1
6,0,6,6,1,24,47,1,1,3,0,24,47,1,0,3,1
6,1,0,0,1,16,49,3,1,3,0,16,49,4,1,3,1
6,1,0,1,1,18,56,1,2,3,1,18,56,0,3,3,0
6,1,0,2,1,16,49,1,12,3,1,16,49,0,11,3,0
6,1,0,3,1,16,51,4,12,3,1,16,51,3,12,3,0
6,1,0,4,1,12,53,1,8,3,1,12,53,0,8,3,0
6,1,0,5,1,12,53,1,4,3,1,12,53,0,4,3,0
6,1,0,6,1,11,54,8,11,3,1,11,54,7,11,3,0
6,1,1,0,1,18,56,2,1,3,1,18,56,3,0,3,0
6,1,1,1,1,21,59,3,1,3,0,20,59,2,1,3,1
6,1,1,2,1,20,60,1,2,11,0,20,59,1,3,11,1
6,1,1,3,1,19,60,1,2,11,0,20,61,1,3,11,1
6,1,1,4,1,19,61,1,3,3,0,19,61,1,2,3,1
6,1,1,5,1,19,62,1,2,3,1,18,62,1,4,3,0
6,1,1,6,1,10,54,9,10,3,1,10,54,8,10,3,0
6,1,2,0,1,16,49,12,1,3,1,16,49,11,0,3,0
6,1,2,1,1,20,60,2,1,11,0,20,59,3,1,11,1
6,1,2,2,1,17,50,4,11,3,1,17,50,3,11,3,0
6,1,2,3,1,3,1,71,9,11,1,3,2,70,10,11,0
6,1,2,4,1,18,60,1,3,3,0,18,60,1,2,3,1
6,1,2,5,1,15,54,11,5,11,0,15,54,10,5,11,1
6,1,2,6,1,12,53,13,6,3,1,12,53,12,6,3,0
6,1,3,0,1,16,51,12,4,3,1,16,51,12,3,3,0
6,1,3,1,1,19,60,2,1,11,0,20,61,3,1,11,1
6,1,3,2,1,26,1,28,13,13,0,26,1,28,12,13,1
6,1,3,3,1,31,15,30,3,13,0,31,14,30,1,13,1
6,1,3,4,1,18,61,1,4,3,0,18,61,1,3,3,1
6,1,3,5,1,22,3,46,2,13,1,22,2,46,1,13,0
6,1,3,6,1,15,56,4,0,3,1,15,56,4,1,3,0
6,1,4,0,1,12,53,8,1,3,1,12,53,8,0,3,0
6,1,4,1,1,19,61,3,1,3,0,19,61,2,1,3,1
6,1,4,2,1,18,60,3,1,3,0,18,60,2,1,3,1
6,1,4,3,1,18,61,4,1,3,0,18,61,3,1,3,1
6,1,4,4,1,9,55,1,18,3,1,9,55,2,18,3,0
6,1,4,5,1,5,4,52,2,13,0,5,3,52,2,13,1
6,1,4,6,1,13,54,3,1,3,0,13,54,3,0,3,1
6,1,5,0,1,12,53,4,1,3,1,12,53,4,0,3,0
6,1,5,1,1,19,62,2,1,3,1,18,62,4,1,3,0
6,1,5,2,1,15,54,5,11,11,0,15,54,5,10,11,1
6,1,5,3,1,8,4,23,34,5,1,8,3,23,33,5,0
6,1,5,4,1,7,11,22,20,5,1,7,10,22,19,5,0
6,1,5,5,1,13,61,6,4,3,0,12,61,6,4,3,1
6,1,5,6,1,12,55,4,0,3,1,12,55,4,1,3,0
6,1,6,0,1,11,54,11,8,3,1,11,54,11,7,3,0
6,1,6,1,1,10,54,10,9,3,1,10,54,10,8,3,0
6,1,6,2,1,12,53,6,13,3,1,12,53,6,12,3,0
6,1,6,3,1,15,56,0,4,3,1,15,56,1,4,3,0
6,1,6,4,1,13,54,1,3,3,0,13,54,0,3,3,1
6,1,6,5,1,12,55,0,4,3,1,12,55,1,4,3,0
6,1,6,6,1,14,56,0,0,3,1,14,56,1,1,3,0
6,2,0,0,1,6,77,1,1,11,0,6,77,0,0,11,1
6,2,0,1,1,5,77,0,1,3,0,5,75,1,1,3,1
6,2,0,2,1,5,77,0,1,11,1,5,74,1,2,11,0
6,2,0,3,1,3,72,0,2,11,1,3,71,1,10,11,0
6,2,0,4,1,1,66,5,13,11,0,1,66,3,9,11,1
6,2,0,5,1,1,66,7,9,11,0,1,66,2,3,11,1
6,2,0,6,1,3,70,6,5,11,0,3,70,5,4,11,1
6,2,1,0,1,5,77,1,0,3,0,5,75,1,1,3,1
6,2,1,1,1,20,2,60,1,11,0,20,3,59,1,11,1
6,2,1,2,1,17,4,50,11,3,1,17,3,50,11,3,0
6,2,1,3,1,3,71,1,9,11,1,3,70,2,10,11,0
6,2,1,4,1,1,66,5,9,11,0,1,66,3,6,11,1
6,2,1,5,1,3,71,5,3,11,0,3,71,3,2,11,1
6,2,1,6,1,1,66,7,4,11,0,1,66,3,2,11,1
6,2,2,0,1,5,77,1,0,11,1,5,74,2,1,11,0
6,2,2,1,1,10,14,34,22,3,0,9,14,33,22,3,1
6,2,2,2,1,1,13,2,53,3,1,1,13,1,53,3,0
6,2,2,3,1,2,69,3,11,11,0,2,69,1,5,11,1
6,2,2,4,1,2,69,5,3,11,0,2,69,3,2,11,1
6,2,2,5,1,1,66,8,3,11,0,1,66,2,1,11,1
6,2,2,6,1,1,66,8,1,11,0,1,66,3,1,11,1
6,2,3,0,1,3,72,2,0,11,1,3,71,10,1,11,0
6,2,3,1,1,3,71,9,1,11,1,3,70,10,2,11,0
6,2,3,2,1,2,69,11,3,11,0,2,69,5,1,11,1
6,2,3,3,1,22,3,44,12,13,0,22,2,44,12,13,1
6,2,3,4,1,1,67,9,1,3,0,0,67,10,2,3,1
6,2,3,5,1,1,71,4,2,3,0,0,71,10,3,3,1
6,2,3,6,1,0,69,7,1,3,1,1,69,1,1,3,0
6,2,4,0,1,1,66,13,5,11,0,1,66,9,3,11,1
6,2,4,1,1,1,66,9,5,11,0,1,66,6,3,11,1
6,2,4,2,1,2,69,3,5,11,0,2,69,2,3,11,1
6,2,4,3,1,1,67,1,9,3,0,0,67,2,10,3,1
6,2,4,4,1,1,70,1,3,3,0,0,70,1,5,3,1
6,2,4,5,1,1,70,2,1,3,0,0,70,4,1,3,1
6,2,4,6,1,1,70,2,0,3,1,1,70,1,1,3,0
6,2,5,0,1,1,66,9,7,11,0,1,66,3,2,11,1
6,2,5,1,1,3,71,3,5,11,0,3,71,2,3,11,1
6,2,5,2,1,1,66,3,8,11,0,1,66,1,2,11,1
6,2,5,3,1,1,71,2,4,3,0,0,71,3,10,3,1
6,2,5,4,1,1,70,1,2,3,0,0,70,1,4,3,1
6,2,5,5,1,0,74,4,1,3,1,1,74,3,1,3,0
6,2,5,6,1,1,75,4,0,3,1,1,75,3,1,3,0
6,2,6,0,1,3,70,5,6,11,0,3,70,4,5,11,1
6,2,6,1,1,1,66,4,7,11,0,1,66,2,3,11,1
6,2,6,2,1,1,66,1,8,11,0,1,66,1,3,11,1
6,2,6,3,1,0,69,1,7,3,1,1,69,1,1,3,0
6,2,6,4,1,1,70,0,2,3,1,1,70,1,1,3,0
6,2,6,5,1,1,75,0,4,3,1,1,75,1,3,3,0
6,2,6,6,1,1,72,1,1,3,0,1,72,0,0,3,1
6,3,0,0,1,24,59,1,1,13,1,23,59,1,1,13,0
6,3,0,1,1,24,49,2,1,5,1,24,49,1,2,5,0
6,3,0,2,1,23,58,1,3,13,0,23,57,0,3,13,1
6,3,0,3,1,22,57,1,4,13,0,22,55,0,3,13,1
6,3,0,4,1,16,49,1,19,13,1,16,49,1,18,13,0
6,3,0,5,1,17,51,1,8,13,0,17,51,0,7,13,1
6,3,0,6,1,22,58,3,2,13,0,22,57,3,3,13,1
6,3,1,0,1,24,49,1,2,5,1,24,49,2,1,5,0
6,3,1,1,1,19,2,60,1,11,0,20,3,61,1,11,1
6,3,1,2,1,26,28,1,13,13,0,26,28,1,12,13,1
6,3,1,3,1,31,30,15,3,13,0,31,30,14,1,13,1
6,3,1,4,1,21,61,1,2,5,1,21,59,1,3,5,0
6,3,1,5,1,22,46,3,2,13,1,22,46,2,1,13,0
6,3,1,6,1,22,58,2,0,13,0,22,57,2,1,13,1
6,3,2,0,1,23,58,3,1,13,0,23,57,3,0,13,1
6,3,2,1,1,26,28,13,1,13,0,26,28,12,1,13,1
6,3,2,2,1,2,11,69,3,11,0,2,5,69,1,11,1
6,3,2,3,1,22,44,3,12,13,0,22,44,2,12,13,1
6,3,2,4,1,22,57,4,1,13,0,22,56,3,1,13,1
6,3,2,5,1,14,52,2,12,13,1,14,52,3,12,13,0
6,3,2,6,1,22,56,5,1,13,1,22,57,4,0,13,0
6,3,3,0,1,22,57,4,1,13,0,22,55,3,0,13,1
6,3,3,1,1,31,30,3,15,13,0,31,30,1,14,13,1
6,3,3,2,1,22,44,12,3,13,0,22,44,12,2,13,1
6,3,3,3,0,0,0,0,0,0,0,0,0,0,0,0,0
6,3,3,4,1,20,60,1,4,13,0,20,59,1,5,13,1
6,3,3,5,1,18,49,9,5,13,1,18,49,9,4,13,0
6,3,3,6,1,18,55,4,4,13,1,18,55,4,3,13,0
6,3,4,0,1,16,49,19,1,13,1,16,49,18,1,13,0
6,3,4,1,1,21,61,2,1,5,1,21,59,3,1,5,0
6,3,4,2,1,22,57,1,4,13,0,22,56,1,3,13,1
6,3,4,3,1,20,60,4,1,13,0,20,59,5,1,13,1
6,3,4,4,1,15,49,2,16,5,1,15,49,3,16,5,0
6,3,4,5,1,20,61,2,1,5,0,19,60,4,1,5,1
6,3,4,6,1,16,49,14,1,13,1,16,49,16,0,13,0
6,3,5,0,1,17,51,8,1,13,0,17,51,7,0,13,1
6,3,5,1,1,22,46,2,3,13,1,22,46,1,2,13,0
6,3,5,2,1,14,52,12,2,13,1,14,52,12,3,13,0
6,3,5,3,1,18,49,5,9,13,1,18,49,4,9,13,0
6,3,5,4,1,20,61,1,2,5,0,19,60,1,4,5,1
6,3,5,5,1,10,25,44,5,6,0,10,26,44,4,6,1
6,3,5,6,1,16,49,7,1,13,1,16,49,8,0,13,0
6,3,6,0,1,22,58,2,3,13,0,22,57,3,3,13,1
6,3,6,1,1,22,58,0,2,13,0,22,57,1,2,13,1
6,3,6,2,1,22,56,1,5,13,1,22,57,0,4,13,0
6,3,6,3,1,18,55,4,4,13,1,18,55,3,4,13,0
6,3,6,4,1,16,49,1,14,13,1,16,49,0,16,13,0
6,3,6,5,1,16,49,1,7,13,1,16,49,0,8,13,0
6,3,6,6,1,14,52,4,4,13,1,14,52,3,3,13,0
6,4,0,0,1,7,48,1,1,13,0,7,48,0,0,13,1
6,4,0,1,1,16,28,0,4,13,1,16,28,1,5,13,0
6,4,0,2,1,11,34,0,2,13,1,11,34,1,1,13,0
6,4,0,3,1,6,48,1,13,13,0,6,48,0,14,13,1
6,4,0,4,1,5,50,2,5,13,0,5,50,1,3,13,1
6,4,0,5,1,7,48,7,8,13,0,7,48,6,7,13,1
6,4,0,6,1,7,45,7,7,13,1,7,45,8,7,13,0
6,4,1,0,1,16,28,4,0,13,1,16,28,5,1,13,0
6,4,1,1,1,28,53,3,1,14,1,27,53,2,1,14,0
6,4,1,2,1,18,3,60,1,3,0,18,2,60,1,3,1
6,4,1,3,1,5,52,2,6,13,0,5,52,1,4,13,1
6,4,1,4,1,5,51,2,3,13,1,5,51,3,4,13,0
6,4,1,5,1,5,52,4,2,13,0,5,52,3,2,13,1
6,4,1,6,1,8,45,15,8,13,0,8,45,14,8,13,1
6,4,2,0,1,11,34,2,0,13,1,11,34,1,1,13,0
6,4,2,1,1,1,9,66,5,11,0,1,6,66,3,11,1
6,4,2,2,1,2,3,69,5,11,0,2,2,69,3,11,1
6,4,2,3,1,9,46,9,18,13,0,9,46,8,17,13,1
6,4,2,4,1,9,46,19,10,13,0,9,46,19,11,13,1
6,4,2,5,1,5,50,3,1,13,0,5,50,2,1,13,1
6,4,2,6,1,8,45,7,0,13,0,8,45,7,1,13,1
6,4,3,0,1,6,48,13,1,13,0,6,48,14,0,13,1
6,4,3,1,1,5,52,6,2,13,0,5,52,4,1,13,1
6,4,3,2,1,9,46,18,9,13,0,9,46,17,8,13,1
6,4,3,3,1,20,4,60,1,13,0,20,5,59,1,13,1
6,4,3,4,1,1,45,2,16,13,0,1,45,1,17,13,1
6,4,3,5,1,8,33,39,4,5,0,8,33,41,3,5,1
6,4,3,6,1,2,37,38,7,13,1,2,37,40,6,13,0
6,4,4,0,1,5,50,5,2,13,0,5,50,3,1,13,1
6,4,4,1,1,5,51,3,2,13,1,5,51,4,3,13,0
6,4,4,2,1,9,46,10,19,13,0,9,46,11,19,13,1
6,4,4,3,1,1,45,16,2,13,0,1,45,17,1,13,1
6,4,4,4,1,0,10,2,51,13,0,1,10,1,51,13,1
6,4,4,5,1,3,48,4,1,5,1,3,48,3,2,5,0
6,4,4,6,1,1,34,25,1,13,1,1,34,24,1,13,0
6,4,5,0,1,7,48,8,7,13,0,7,48,7,6,13,1
6,4,5,1,1,5,52,2,4,13,0,5,52,2,3,13,1
6,4,5,2,1,5,50,1,3,13,0,5,50,1,2,13,1
6,4,5,3,1,8,33,4,39,5,0,8,33,3,41,5,1
6,4,5,4,1,3,48,1,4,5,1,3,48,2,3,5,0
6,4,5,5,1,3,45,4,1,13,0,3,45,3,2,13,1
6,4,5,6,1,1,35,12,1,13,1,1,35,11,0,13,0
6,4,6,0,1,7,45,7,7,13,1,7,45,7,8,13,0
6,4,6,1,1,8,45,8,15,13,0,8,45,8,14,13,1
6,4,6,2,1,8,45,0,7,13,0,8,45,1,7,13,1
6,4,6,3,1,2,37,7,38,13,1,2,37,6,40,13,0
6,4,6,4,1,1,34,1,25,13,1,1,34,1,24,13,0
6,4,6,5,1,1,35,1,12,13,1,1,35,0,11,13,0
6,4,6,6,1,1,34,3,6,13,1,1,34,2,4,13,0
6,5,0,0,1,20,43,3,3,6,1,20,43,2,2,6,0
6,5,0,1,1,14,45,0,2,6,0,14,45,1,1,6,1
6,5,0,2,1,20,43,1,16,6,1,20,43,1,15,6,0
6,5,0,3,1,17,43,2,19,6,0,17,43,3,20,6,1
6,5,0,4,1,7,22,11,31,5,1,7,22,10,30,5,0
6,5,0,5,1,7,22,20,29,5,1,7,22,19,28,5,0
6,5,0,6,1,18,43,5,1,6,0,18,43,6,0,6,1
6,5,1,0,1,14,45,2,0,6,0,14,45,1,1,6,1
6,5,1,1,1,19,2,62,1,3,1,18,4,62,1,3,0
6,5,1,2,1,20,43,1,16,6,0,20,43,1,17,6,1
6,5,1,3,1,8,23,4,34,5,1,8,23,3,33,5,0
6,5,1,4,1,7,22,11,20,5,1,7,22,10,19,5,0
6,5,1,5,1,15,47,10,5,6,0,15,47,11,5,6,1
6,5,1,6,1,7,22,31,20,5,1,7,22,29,19,5,0
6,5,2,0,1,20,43,16,1,6,1,20,43,15,1,6,0
6,5,2,1,1,20,43,16,1,6,0,20,43,17,1,6,1
6,5,2,2,1,19,43,1,15,6,1,19,43,1,14,6,0
6,5,2,3,1,8,22,5,49,5,1,8,22,4,47,5,0
6,5,2,4,1,8,22,25,20,5,1,8,22,23,19,5,0
6,5,2,5,1,7,22,20,9,5,1,7,22,19,9,5,0
6,5,2,6,1,7,22,20,6,5,0,7,22,21,6,5,1
6,5,3,0,1,17,43,19,2,6,0,17,43,20,3,6,1
6,5,3,1,1,8,23,34,4,5,1,8,23,33,3,5,0
6,5,3,2,1,8,22,49,5,5,1,8,22,47,4,5,0
6,5,3,3,1,18,5,49,9,13,1,18,4,49,9,13,0
6,5,3,4,1,11,43,22,9,6,0,11,43,23,8,6,1
6,5,3,5,1,10,44,25,5,6,0,10,44,26,4,6,1
6,5,3,6,1,10,43,26,4,6,0,10,43,27,3,6,1
6,5,4,0,1,7,22,31,11,5,1,7,22,30,10,5,0
6,5,4,1,1,7,22,20,11,5,1,7,22,19,10,5,0
6,5,4,2,1,8,22,20,25,5,1,8,22,19,23,5,0
6,5,4,3,1,11,43,9,22,6,0,11,43,8,23,6,1
6,5,4,4,1,8,43,17,1,14,0,8,43,16,2,14,1
6,5,4,5,1,2,43,34,1,6,0,2,43,33,1,6,1
6,5,4,6,1,2,43,32,1,6,1,2,43,33,1,6,0
6,5,5,0,1,7,22,29,20,5,1,7,22,28,19,5,0
6,5,5,1,1,15,47,5,10,6,0,15,47,5,11,6,1
6,5,5,2,1,7,22,9,20,5,1,7,22,9,19,5,0
6,5,5,3,1,10,44,5,25,6,0,10,44,4,26,6,1
6,5,5,4,1,2,43,1,34,6,0,2,43,1,33,6,1
6,5,5,5,1,1,16,2,45,14,1,0,16,2,45,14,0
6,5,5,6,1,1,7,54,1,6,0,0,7,54,0,6,1
6,5,6,0,1,18,43,1,5,6,0,18,43,0,6,6,1
6,5,6,1,1,7,22,20,31,5,1,7,22,19,29,5,0
6,5,6,2,1,7,22,6,20,5,0,7,22,6,21,5,1
6,5,6,3,1,10,43,4,26,6,0,10,43,3,27,6,1
6,5,6,4,1,2,43,1,32,6,1,2,43,1,33,6,0
6,5,6,5,1,1,13,1,16,5,1,1,14,1,15,5,0
6,5,6,6,1,2,43,1,11,6,0,2,43,1,9,6,1
6,6,0,0,1,26,25,6,3,14,0,26,25,5,2,14,1
6,6,0,1,1,15,11,1,6,13,0,15,11,0,5,13,1
6,6,0,2,1,14,11,1,8,13,1,14,11,1,9,13,0
6,6,0,3,1,14,11,4,56,13,0,14,11,3,54,13,1
6,6,0,4,1,14,11,8,11,13,0,14,11,7,10,13,1
6,6,0,5,1,14,11,9,7,13,0,14,11,8,7,13,1
6,6,0,6,1,14,11,16,12,13,0,14,11,15,12,13,1
6,6,1,0,1,15,11,6,1,13,0,15,11,5,0,13,1
6,6,1,1,1,26,25,5,8,14,0,26,25,4,7,14,1
6,6,1,2,1,14,11,1,10,13,0,14,11,1,9,13,1
6,6,1,3,1,14,11,6,49,13,0,14,11,5,45,13,1
6,6,1,4,1,14,11,8,3,13,0,14,11,7,3,13,1
6,6,1,5,1,14,11,15,8,13,0,14,11,12,7,13,1
6,6,1,6,1,14,11,8,1,13,0,14,11,7,1,13,1
6,6,2,0,1,14,11,8,1,13,1,14,11,9,1,13,0
6,6,2,1,1,14,11,10,1,13,0,14,11,9,1,13,1
6,6,2,2,1,14,11,1,11,13,0,14,11,1,10,13,1
6,6,2,3,1,14,11,12,1,13,0,14,11,11,1,13,1
6,6,2,4,1,14,11,13,1,13,0,14,11,12,1,13,1
6,6,2,5,1,14,11,14,1,13,0,14,11,13,1,13,1
6,6,2,6,1,14,11,38,1,13,0,14,11,14,1,13,1
6,6,3,0,1,14,11,56,4,13,0,14,11,54,3,13,1
6,6,3,1,1,14,11,49,6,13,0,14,11,45,5,13,1
6,6,3,2,1,14,11,1,12,13,0,14,11,1,11,13,1
6,6,3,3,1,18,4,55,4,13,1,18,3,55,4,13,0
6,6,3,4,1,1,1,3,58,5,1,1,1,2,59,5,0
6,6,3,5,1,16,1,49,7,13,1,16,0,49,8,13,0
6,6,3,6,1,14,4,52,4,13,1,14,3,52,3,13,0
6,6,4,0,1,14,11,11,8,13,0,14,11,10,7,13,1
6,6,4,1,1,14,11,3,8,13,0,14,11,3,7,13,1
6,6,4,2,1,14,11,1,13,13,0,14,11,1,12,13,1
6,6,4,3,1,1,1,58,3,5,1,1,1,59,2,5,0
6,6,4,4,1,1,1,3,55,5,1,1,1,2,57,5,0
6,6,4,5,1,1,1,52,3,5,1,1,1,54,2,5,0
6,6,4,6,1,1,1,56,1,5,0,1,1,35,0,5,1
6,6,5,0,1,14,11,7,9,13,0,14,11,7,8,13,1
6,6,5,1,1,14,11,8,15,13,0,14,11,7,12,13,1
6,6,5,2,1,14,11,1,14,13,0,14,11,1,13,13,1
6,6,5,3,1,10,4,43,26,6,0,10,3,43,27,6,1
6,6,5,4,1,1,1,3,52,5,1,1,1,2,54,5,0
6,6,5,5,1,1,1,13,16,5,1,1,1,14,15,5,0
6,6,5,6,1,1,1,24,0,5,1,1,1,28,1,5,0
6,6,6,0,1,14,11,12,16,13,0,14,11,12,15,13,1
6,6,6,1,1,14,11,1,8,13,0,14,11,1,7,13,1
6,6,6,2,1,14,11,1,38,13,0,14,11,1,14,13,1
6,6,6,3,1,4,14,4,52,13,1,3,14,3,52,13,0
6,6,6,4,1,1,1,1,56,5,0,1,1,0,35,5,1
6,6,6,5,1,1,1,0,24,5,1,1,1,1,28,5,0
6,6,6,6,1,26,25,1018,1021,14,0,26,25,1019,1022,14,1